1 17 1 3 2 . 2 . . 2 2 2 1 2 2 2 2 1 1 3 3 4 2 0 . 14 14 2 2 3 2 3 3 3 1 3 1 4 4 3 1 1 1 4 4 3 1 4 1 4 1 3 3 4 4 3 3 4 0 0 0 0 0 0 0 0 0 1 0 0 3 2 0 0 0 0 0 2 0 1 0 2 0 0 1 0 0 0 0 0 0 1 0 2 0 0 0 2 2 0 1 0 0 3 0 0 0 0 2 0 0
2 18 2 1 . 1 2 2 2 4 2 3 2 1 1 2 1 2 3 1 3 3 3 14 4 15 17 3 2 3 2 4 3 3 2 1 3 3 4 1 4 4 3 2 2 1 4 1 2 3 3 3 4 1 1 4 3 2 1 0 0 0 0 0 0 0 0 0 0 0 0 3 0 3 2 0 0 2 0 0 0 0 4 0 0 0 0 0 0 0 0 0 0 0 0 2 0 0 0 0 0 0 0 0 0 0 4 0 1 0 0
3 13 1 2 2 2 1 . . 1 1 1 2 4 4 4 1 1 1 1 3 1 1 12 1 0 0 4 2 2 1 0 3 4 1 4 1 4 4 3 2 3 2 4 4 4 2 4 2 4 2 3 2 4 2 4 1 4 0 0 0 0 0 0 0 0 0 0 0 0 0 0 0 0 0 0 0 0 0 0 0 0 0 0 0 0 0 0 0 0 0 0 0 0 0 0 0 0 0 0 0 0 0 0 0 0 0 0 0 0 0
4 14 2 2 2 2 3 3 1 3 3 2 4 2 2 2 4 1 4 2 1 3 2 14 8 14 14 1 2 1 2 1 3 1 1 1 3 1 1 2 3 4 4 1 1 1 4 2 1 1 1 3 1 2 3 2 1 3 0 0 0 0 0 1 1 0 0 0 0 0 1 0 0 0 0 0 0 0 0 0 1 0 0 0 0 1 1 0 0 0 0 1 0 0 1 0 0 0 1 0 0 0 0 1 0 1 0 0 1 0 0
5 14 1 2 2 2 3 2 1 3 4 2 2 1 2 2 3 3 2 2 3 4 2 0 . 0 0 2 2 1 2 4 1 4 1 4 1 3 4 3 1 1 3 3 3 3 2 4 1 4 1 1 1 4 3 1 4 3 0 1 0 0 0 1 0 0 0 0 0 0 0 0 0 0 1 0 0 0 0 0 0 1 0 1 0 0 0 0 0 0 1 0 0 0 1 0 0 1 0 1 1 0 0 3 0 0 0 0 0 0 0
6 13 1 2 2 2 . 2 2 2 4 2 2 2 4 3 4 3 1 3 3 3 2 12 1 0 0 2 2 3 1 0 1 3 4 1 3 1 4 1 1 3 4 4 4 4 4 4 1 4 1 3 3 2 1 4 1 4 0 0 0 1 2 1 0 1 0 2 0 0 2 0 1 1 0 3 0 0 0 0 0 1 1 1 1 1 0 0 0 0 1 2 2 1 1 2 1 1 2 1 2 1 1 1 0 2 2 1 1 2 1
7 14 2 2 2 2 2 2 2 2 3 2 4 1 2 1 3 1 2 3 3 3 2 9 8 0 13 2 2 3 1 0 3 3 1 3 1 3 4 4 3 3 2 4 4 3 2 3 1 3 1 2 2 2 3 3 3 4 0 0 1 1 1 1 2 1 0 1 0 0 0 0 0 0 1 0 0 0 0 0 0 1 0 1 0 0 0 0 0 0 0 0 0 0 0 0 0 0 0 1 0 0 0 0 0 1 0 0 1 0 0
8 14 2 2 2 2 2 1 3 3 3 2 3 3 4 3 4 3 3 3 3 1 1 0 . 0 0 2 2 1 1 0 1 4 2 1 4 4 3 2 2 4 2 3 4 2 1 2 2 4 1 2 1 2 2 4 1 2 0 4 0 0 0 1 0 0 0 3 0 1 0 0 0 0 0 1 0 3 0 0 0 1 0 3 1 0 0 0 0 0 0 0 1 3 0 0 0 0 0 0 0 0 0 0 1 0 3 0 0 1 0
9 13 2 2 2 2 3 . . 4 4 1 1 2 1 4 4 4 4 4 3 4 2 0 . 0 0 3 2 1 2 2 1 4 2 3 2 3 3 3 2 2 3 3 3 3 2 3 2 3 2 2 2 3 3 3 2 2 0 0 0 0 0 0 0 0 0 3 0 0 0 0 0 0 0 0 0 0 1 0 0 0 0 0 0 0 0 0 0 0 0 0 0 0 0 0 1 0 0 0 0 0 0 0 0 0 0 0 0 0 0
10 13 1 1 2 . . . . 1 1 1 1 1 1 1 1 1 1 1 2 2 1 0 . 0 0 1 2 3 1 0 1 3 2 2 3 3 3 3 3 1 2 3 4 3 2 3 1 3 2 2 3 3 2 3 3 3 0 0 0 0 0 0 0 0 0 0 0 0 0 0 0 0 0 0 0 0 0 0 0 0 0 0 0 0 0 0 0 0 0 0 0 0 0 0 0 0 0 0 0 0 0 0 0 0 0 0 0 0 0
11 17 1 3 2 2 1 2 2 2 2 2 2 2 1 1 2 1 1 1 3 3 2 10 2 15 16 2 1 1 2 8 3 3 3 3 3 1 2 3 1 1 1 1 1 1 4 1 3 1 1 1 1 4 4 1 4 4 1 1 0 1 0 1 1 0 0 3 0 0 0 2 1 1 1 1 0 1 1 0 0 1 4 0 2 0 0 0 1 2 0 0 1 0 0 1 1 2 0 3 0 0 0 0 0 0 1 0 1 1 0
12 12 2 2 2 3 1 2 1 2 2 1 1 1 1 1 1 1 1 1 3 4 2 11 1 0 0 2 2 4 2 1 3 3 4 3 3 4 4 2 2 1 3 4 2 3 4 4 2 1 1 3 3 3 3 3 4 4 0 0 0 0 4 3 3 0 4 3 3 0 3 4 3 3 0 1 3 0 1 3 1 4 4 3 1 1 1 0 0 0 1 0 1 3 4 0 4 0 0 1 0 3 0 3 0 3 3 0 4 1 0
13 17 2 2 2 2 1 2 1 1 4 4 1 4 4 2 4 4 2 1 3 4 2 17 1 14 14 3 2 2 1 0 3 1 3 3 4 1 1 1 3 4 4 1 1 1 4 1 3 1 4 4 4 1 1 4 1 1 0 0 0 0 2 4 1 0 0 3 0 0 4 4 1 4 3 1 0 4 4 0 0 4 0 2 1 0 0 0 0 1 0 4 4 3 0 0 1 4 3 0 1 0 0 2 1 2 3 4 3 4 4
14 14 2 1 2 3 1 2 2 2 1 1 2 1 1 1 1 1 2 2 3 4 2 0 . 0 0 2 2 1 2 2 3 4 1 4 1 4 4 2 4 1 1 4 4 4 1 1 1 4 1 2 1 1 4 3 1 1 1 0 0 0 1 1 0 0 0 1 0 0 0 1 0 1 0 0 1 0 0 0 1 0 1 1 0 0 0 2 2 0 0 3 0 0 0 0 0 0 0 0 0 1 0 3 3 1 0 0 0 0 0
15 15 1 2 2 3 1 2 3 4 3 1 2 1 4 2 4 2 4 4 3 4 2 14 3 15 14 1 1 2 2 9 3 4 1 3 1 3 3 3 2 1 1 4 3 4 3 3 1 3 1 3 2 3 4 3 4 4 1 0 0 4 1 3 0 0 0 3 0 0 4 0 1 0 0 3 0 0 3 0 0 2 0 2 3 0 0 0 0 0 2 2 0 2 2 0 3 4 4 2 2 0 0 3 1 0 3 0 4 2 0
16 17 1 3 2 3 2 3 2 2 3 1 2 1 4 2 2 1 2 1 3 3 1 15 3 16 16 1 2 5 2 9 3 4 2 3 1 4 4 4 1 1 1 4 4 4 1 4 1 3 1 1 1 4 4 4 1 4 0 0 0 1 1 3 0 0 0 1 0 0 4 3 2 2 3 1 0 0 1 0 0 2 0 1 1 0 0 1 0 0 0 0 1 1 2 4 0 0 3 0 0 0 0 0 1 2 4 0 0 0 0
17 14 2 2 2 3 3 1 3 3 4 4 4 3 4 4 4 4 4 4 3 4 2 0 . 13 0 3 2 5 2 3 1 4 1 1 1 4 4 3 4 1 1 4 4 4 1 3 1 4 1 4 1 1 1 4 4 1 0 1 3 2 0 2 0 0 0 1 0 2 4 1 3 1 0 2 0 4 1 2 1 1 3 4 2 0 1 0 0 3 0 1 0 1 4 2 4 0 3 1 0 0 0 1 1 1 3 3 4 0 2
18 15 2 2 2 2 2 3 1 2 4 1 3 3 2 1 4 1 3 4 2 3 1 13 3 13 14 3 2 3 2 1 1 4 1 3 1 4 4 3 4 1 2 4 4 4 1 3 1 4 1 1 1 3 2 3 1 4 1 1 0 0 0 1 0 2 0 3 1 0 1 1 0 0 0 2 0 3 3 0 0 1 1 0 0 0 0 1 0 0 0 2 0 0 0 0 0 0 0 1 1 2 0 1 0 2 0 0 3 2 0
19 13 2 2 2 2 1 . . 1 1 1 1 1 1 1 1 1 1 1 2 4 1 0 . 0 0 2 2 1 1 0 1 4 3 1 3 4 1 2 1 1 2 4 4 2 2 3 1 4 1 4 3 3 4 3 3 4 1 0 3 1 3 0 0 3 0 3 0 3 3 0 1 0 0 1 0 0 3 1 0 1 3 1 1 3 0 1 1 1 1 3 4 1 4 0 0 0 0 1 0 3 1 1 3 1 1 3 1 0 1
20 18 2 3 2 3 1 1 3 2 3 1 3 1 3 3 4 2 2 4 3 3 1 0 . 0 0 2 2 1 2 0 1 4 1 3 1 3 4 4 1 1 2 4 4 4 1 4 1 3 1 1 1 4 3 4 1 3 3 1 0 1 1 2 0 0 0 4 1 1 0 4 0 4 4 0 1 2 0 0 0 0 0 0 1 0 0 0 0 1 0 4 0 1 0 1 0 0 0 0 0 0 1 0 0 0 1 0 0 1 1
21 15 2 2 2 2 2 . . 3 4 3 1 2 4 4 4 4 3 4 3 4 2 0 . 0 0 2 2 3 2 1 1 4 3 4 1 4 4 3 3 2 1 1 3 1 2 4 1 4 3 3 1 4 4 3 3 2 0 0 0 1 0 4 0 1 0 1 0 0 1 1 1 3 0 1 1 1 4 0 0 4 0 0 1 1 0 0 0 0 0 0 0 1 1 1 0 0 1 4 1 1 0 1 0 3 0 4 4 0 0
22 15 1 2 2 3 3 2 3 2 2 3 4 1 2 1 4 2 4 4 3 4 3 0 . 13 0 2 2 4 2 4 3 3 2 3 1 2 3 4 2 3 2 4 3 3 3 4 1 3 2 1 2 2 3 2 2 4 1 0 0 2 3 3 1 0 0 1 0 0 3 2 4 2 1 0 0 1 2 2 1 0 0 1 2 0 0 0 0 0 0 0 0 1 2 1 2 1 1 1 1 0 0 2 0 4 0 1 2 1 3
23 17 1 2 2 2 1 . . 4 4 4 4 4 4 4 4 4 4 4 3 4 2 10 8 14 14 2 2 2 2 9 3 1 4 1 2 4 4 4 1 1 4 1 3 1 4 4 1 1 1 1 1 1 4 1 1 4 0 0 0 1 2 3 0 4 0 3 0 0 0 0 0 0 0 1 1 1 0 3 0 0 0 0 0 0 0 0 0 0 0 0 0 1 0 0 0 0 0 0 0 0 0 1 0 0 0 0 0 0 0
24 14 2 2 2 2 1 2 3 3 4 1 3 4 3 2 3 1 2 3 1 2 1 9 3 14 13 2 2 1 2 1 3 4 1 3 1 4 4 3 2 4 2 4 4 4 3 3 1 4 1 3 3 3 3 3 1 4 1 0 0 1 1 3 0 0 0 1 1 0 4 1 0 0 1 0 0 0 1 0 3 1 3 4 1 0 0 0 0 0 0 1 1 3 0 0 0 0 1 1 1 0 0 3 0 1 0 0 1 0 0
25 17 2 2 2 3 . 3 1 2 2 2 2 3 3 2 2 2 2 1 3 3 1 11 8 13 16 2 2 5 2 1 1 2 4 1 3 1 2 2 1 4 4 1 1 1 4 1 1 4 4 1 4 1 4 4 4 4 1 0 0 0 4 4 0 0 3 1 0 0 3 1 3 1 1 1 0 1 0 1 0 0 0 0 0 3 2 0 0 0 0 0 3 3 1 1 2 3 2 2 1 0 0 3 0 1 3 2 0 1 1
26 18 1 3 2 2 1 2 1 1 4 3 4 3 4 2 4 4 4 4 1 1 3 13 3 12 6 3 1 2 2 5 3 4 2 4 3 2 4 4 4 3 1 3 3 4 2 4 2 4 2 1 2 4 4 3 3 4 4 0 1 0 1 1 1 3 1 3 1 2 3 4 3 4 3 1 1 1 1 1 1 1 1 1 1 1 1 1 4 3 1 1 0 1 0 3 3 3 1 1 3 0 1 3 1 1 3 1 0 0 1
27 18 1 2 2 3 3 . . 3 2 2 1 1 2 3 2 2 1 1 3 2 2 0 . 0 0 2 2 1 2 5 3 3 2 3 2 2 3 2 2 3 3 2 3 2 3 2 2 3 3 2 3 2 2 2 2 3 0 0 0 0 1 2 0 0 0 0 0 0 0 0 0 0 1 0 0 0 0 0 0 0 1 0 0 0 2 0 0 0 0 0 0 0 0 0 0 0 0 0 0 0 0 1 0 0 0 0 0 0 0
28 11 2 2 1 2 3 2 3 4 4 4 4 4 4 4 4 3 4 3 2 4 3 0 . 0 0 2 2 3 1 0 1 4 1 3 1 4 4 3 4 4 2 4 4 4 1 3 1 4 1 2 3 3 3 4 1 1 0 0 0 0 0 4 0 1 0 4 0 0 1 0 0 1 0 4 1 4 4 0 0 0 0 4 2 4 1 0 3 1 0 0 0 1 0 0 0 0 0 4 4 0 0 0 4 0 4 0 4 0 0
29 14 2 2 2 2 1 2 1 2 2 2 2 2 2 2 2 2 2 2 3 2 1 11 1 0 0 1 1 1 1 0 1 3 2 3 2 3 3 3 3 2 3 3 3 2 3 3 3 3 3 3 3 2 3 3 3 3 0 0 0 0 0 0 0 0 0 0 0 0 0 0 0 0 0 0 0 0 0 0 0 0 0 0 0 0 0 0 0 0 0 0 0 0 0 0 0 0 0 0 0 0 0 0 0 0 0 0 0 0 0
30 15 1 2 2 2 2 2 1 2 4 4 1 1 2 2 4 4 2 1 3 2 1 0 . 0 0 2 2 5 2 6 3 4 1 2 2 4 4 4 1 3 1 4 4 2 3 3 2 3 2 1 1 2 2 3 1 2 0 0 0 0 0 0 0 0 0 0 0 0 0 0 0 0 0 0 0 0 0 0 0 0 3 0 0 0 0 0 0 0 0 0 0 0 0 0 0 0 0 0 0 0 0 0 0 0 0 0 0 0 0
31 15 1 1 2 1 . . . 4 4 3 3 2 2 2 4 4 2 1 3 3 2 0 . 0 0 3 2 2 2 6 1 3 2 3 1 4 4 4 3 1 1 4 3 4 4 3 1 4 1 1 1 3 2 4 1 4 0 0 0 0 1 1 0 1 0 3 1 0 4 0 1 0 0 0 0 0 0 0 0 1 1 1 0 0 0 0 0 0 1 1 2 2 0 0 1 0 0 0 0 3 1 1 0 0 3 0 0 1 0
32 16 2 2 2 3 3 2 3 2 1 1 1 1 1 1 1 1 2 1 2 2 2 0 . 13 0 2 2 5 1 0 1 2 3 3 3 1 2 2 3 3 2 1 1 1 4 2 3 2 4 2 2 3 3 2 3 4 1 0 1 1 2 1 0 0 1 1 0 1 1 3 1 3 3 1 2 2 3 2 2 3 1 3 4 1 1 1 1 1 2 0 1 2 1 3 1 2 2 2 1 3 2 0 3 2 1 0 4 1 4
33 16 2 2 2 3 2 3 1 2 1 1 1 2 2 2 1 1 1 1 3 4 1 0 . 16 0 2 2 2 2 5 3 1 3 1 4 4 4 1 1 4 4 4 4 4 4 4 1 4 4 1 1 3 3 1 1 4 1 0 0 0 1 0 0 1 0 0 0 0 0 0 0 0 0 0 0 0 3 0 0 0 0 0 0 0 0 0 0 0 0 1 1 1 0 0 0 0 1 0 0 0 0 1 0 1 0 0 1 1 0
34 15 2 2 2 2 . 3 1 1 4 2 4 1 4 1 3 2 4 4 3 4 2 13 2 15 15 4 2 2 2 2 3 4 1 4 1 4 4 3 1 3 1 4 4 3 1 3 1 4 1 1 1 4 4 4 1 4 1 0 0 1 3 4 0 1 0 4 1 0 4 3 1 4 3 2 1 4 1 0 0 3 1 3 3 1 0 0 1 3 1 3 4 3 1 1 1 0 3 3 1 3 1 1 0 2 3 1 1 0 1
35 19 2 2 2 2 1 1 2 2 2 2 2 2 2 2 2 2 2 2 3 4 1 17 8 0 15 1 1 5 2 0 1 2 3 3 3 2 2 3 2 2 3 3 2 2 2 2 2 2 2 2 2 2 3 3 2 2 0 0 0 0 0 0 0 0 0 0 0 0 0 0 0 0 0 0 0 0 0 0 0 0 0 0 0 0 0 0 0 0 0 0 0 0 0 0 0 0 0 0 0 0 0 0 0 0 0 0 0 0 0
36 18 2 2 2 3 1 3 2 1 1 1 1 1 1 1 1 1 1 1 3 2 1 14 8 15 0 3 1 2 2 0 1 4 2 4 2 4 4 4 4 1 2 4 4 4 2 4 1 4 1 4 4 4 4 4 2 4 0 0 0 0 0 0 0 0 0 1 1 0 0 0 0 0 0 1 0 1 0 0 0 0 0 0 0 0 0 0 0 0 0 0 0 0 0 0 0 0 0 0 0 0 0 1 0 0 0 0 0 0 0
37 14 1 2 2 . . 2 2 2 1 1 2 1 1 1 1 1 1 2 3 3 1 11 2 12 13 1 2 2 1 0 3 4 1 3 1 4 4 3 1 3 3 4 4 4 1 2 1 4 1 2 1 1 3 4 1 4 0 0 0 0 1 1 0 0 0 1 0 0 0 3 0 2 2 0 0 0 0 0 0 0 0 0 3 0 0 0 0 2 0 0 0 3 0 3 0 0 0 0 0 0 0 2 0 0 0 0 0 0 1
38 18 2 3 2 2 2 2 1 4 4 3 4 4 4 4 4 3 2 3 3 3 3 10 3 9 14 2 2 2 2 1 1 4 1 4 1 4 4 4 1 1 1 4 4 1 1 4 1 4 1 1 1 3 3 1 1 4 1 2 0 1 3 4 3 0 0 1 2 0 3 3 1 3 3 2 0 4 1 0 1 2 4 0 3 0 3 0 0 0 0 0 2 3 2 2 2 0 3 3 2 0 0 2 0 0 3 1 3 1 1
39 16 1 3 1 . . . . 3 3 1 3 1 1 3 3 1 3 3 3 3 2 0 . 0 0 1 2 2 1 0 1 4 3 3 3 4 4 4 4 4 2 4 4 4 4 4 1 4 4 4 4 4 4 1 4 4 0 0 0 0 0 0 1 0 0 0 0 0 0 0 0 0 0 0 0 0 0 0 0 1 0 1 0 0 0 0 0 0 0 0 0 0 0 0 0 0 0 0 0 0 0 0 0 1 0 0 0 0 0
40 16 2 2 2 3 2 2 3 3 4 2 2 2 2 3 4 2 4 4 3 4 2 9 8 0 0 2 2 3 2 1 1 4 1 4 4 4 4 4 3 4 1 4 4 3 3 3 1 4 1 1 1 3 3 4 1 4 1 1 0 0 1 3 0 0 0 1 2 0 0 3 1 3 1 0 0 1 3 0 1 2 0 1 1 0 0 0 0 0 0 0 0 1 1 0 1 0 0 2 2 2 0 0 2 2 1 1 2 0 0
41 17 1 3 2 2 . 2 2 1 1 1 1 1 1 1 1 1 1 1 3 4 1 0 . 14 0 1 2 2 2 4 1 1 1 3 4 4 4 4 4 4 1 4 4 1 4 4 4 4 4 4 3 4 4 4 4 4 0 0 0 0 0 0 0 0 0 0 0 0 0 0 0 0 0 0 0 0 0 0 0 0 0 1 0 0 0 0 0 0 0 0 0 0 0 0 0 0 0 0 0 0 0 0 0 0 0 0 0 0 0
42 11 1 2 2 2 2 2 3 4 4 4 4 3 4 4 4 4 3 4 2 3 2 0 . 0 0 2 2 3 1 0 1 3 1 1 1 3 3 1 4 3 2 3 1 1 1 3 1 4 4 4 1 3 4 4 1 1 0 0 0 1 1 0 0 0 0 0 0 0 0 0 0 0 0 1 0 1 2 0 1 2 0 0 0 0 0 0 0 0 0 1 0 1 0 0 0 0 1 2 0 1 0 0 0 0 0 0 0 0 0
43 15 1 1 2 2 1 3 2 1 4 1 3 1 1 1 4 1 1 3 3 2 1 14 1 14 14 1 1 2 2 7 3 3 4 3 3 2 1 2 4 2 3 3 2 3 3 3 2 1 2 2 4 4 4 1 2 4 1 1 0 4 1 1 1 0 0 4 1 0 4 0 3 2 0 1 0 0 0 0 1 4 0 4 1 0 4 0 0 0 3 0 4 2 1 0 1 2 2 1 0 0 0 2 0 2 1 1 3 1 1
44 15 2 1 2 2 1 3 2 1 1 1 1 1 1 1 1 1 1 1 3 4 1 9 2 15 12 3 2 3 2 2 3 3 4 3 2 4 3 3 1 3 3 1 1 4 1 4 1 1 3 1 3 3 2 2 1 4 0 0 0 1 1 1 0 0 0 0 0 0 0 0 0 0 1 0 0 0 0 0 1 0 0 0 0 0 0 1 0 0 0 0 0 0 0 0 0 0 0 0 0 0 0 0 0 0 0 0 0 0 0
45 19 2 2 2 3 1 2 1 2 4 1 3 1 4 4 4 4 2 1 3 4 3 15 3 14 15 1 1 3 2 2 3 4 1 4 2 4 4 4 4 2 1 4 4 2 1 2 1 4 1 2 1 2 2 2 2 4 1 0 0 0 1 3 0 0 0 0 0 0 1 1 1 1 3 0 1 0 0 0 0 1 0 0 4 0 0 0 0 1 0 0 0 3 0 0 0 1 4 0 0 0 0 1 0 0 4 0 0 0 1
46 17 2 2 2 3 3 2 3 1 1 1 1 1 1 1 1 1 1 2 3 4 1 0 . 14 15 2 2 2 2 0 1 3 1 4 1 4 3 4 1 1 1 3 4 1 1 4 1 3 1 2 1 3 4 1 1 4 0 1 0 0 0 1 0 0 0 0 0 0 1 0 0 0 0 0 0 0 0 0 1 0 0 0 0 0 0 0 0 0 0 1 0 0 0 0 0 1 1 0 0 0 0 1 0 0 0 0 0 0 0
47 17 2 2 2 2 . 3 1 4 4 3 1 1 1 1 1 4 3 1 3 4 1 17 1 0 0 3 1 5 2 0 1 2 1 2 4 3 1 1 4 4 4 4 2 1 4 1 3 3 1 3 1 1 1 4 1 4 0 0 0 0 1 0 0 0 0 0 0 0 0 4 4 4 3 0 0 0 1 0 0 3 0 0 0 4 0 0 0 0 0 0 0 4 0 0 0 0 0 0 0 0 0 0 0 0 0 0 0 0 0
48 13 2 2 2 1 2 2 1 2 2 1 1 1 1 2 1 2 1 3 3 3 1 10 8 12 0 2 2 2 1 0 1 2 3 2 4 3 2 2 3 1 1 3 2 1 2 3 1 2 2 2 1 3 2 1 1 2 1 0 0 0 1 0 0 0 1 3 1 1 1 3 1 3 2 1 3 1 1 0 1 3 3 3 1 1 1 1 1 3 1 3 3 3 3 1 3 1 0 0 0 1 1 3 3 2 1 3 3 1 3
49 13 1 1 2 . . . . 1 1 1 2 1 1 1 1 1 1 2 2 4 2 0 . 0 0 2 2 3 1 0 3 4 3 2 1 4 4 4 4 1 2 3 3 1 3 2 1 3 2 1 1 3 1 3 3 1 0 1 1 3 0 0 0 0 0 1 0 0 0 0 3 1 0 1 1 1 0 2 1 2 1 0 0 0 0 2 1 1 0 2 1 2 1 2 0 0 0 1 0 2 0 3 2 4 2 1 0 2 1
50 17 2 2 2 3 . 2 3 3 4 1 3 4 3 4 4 1 2 2 3 1 1 14 8 14 0 2 1 1 1 0 1 1 3 1 1 1 3 1 3 4 4 1 1 1 4 1 4 1 3 3 4 1 1 4 1 1 0 0 0 2 0 4 0 0 0 4 4 0 4 0 4 0 2 2 0 0 2 0 0 2 3 2 4 4 0 0 4 0 0 2 1 3 0 1 0 2 4 1 4 2 0 4 0 0 0 0 0 0 2
51 15 1 2 2 2 3 2 2 4 4 2 2 1 2 2 4 3 3 1 3 2 2 15 1 0 0 2 2 3 1 0 1 3 4 4 3 4 4 4 4 2 1 3 3 4 3 4 2 4 3 3 4 3 3 3 2 4 1 0 0 0 0 1 0 0 0 0 3 0 2 0 0 0 0 0 1 1 0 0 0 1 0 0 4 0 0 0 1 0 0 1 0 0 0 0 1 0 1 0 0 0 0 2 0 0 0 0 1 1 0
52 16 2 2 2 2 1 2 2 2 3 2 4 4 4 3 3 4 3 3 3 3 1 14 2 10 14 1 1 5 2 5 3 1 2 1 3 4 1 2 3 4 4 1 3 1 4 1 3 1 1 3 3 2 1 2 4 4 1 2 1 3 4 3 2 1 0 4 2 1 2 1 1 1 1 1 3 2 3 2 3 4 4 3 3 2 3 4 1 3 1 0 2 3 2 2 0 4 4 3 3 1 1 1 1 3 3 2 4 4 0
53 13 2 2 2 2 1 3 2 2 2 1 1 1 1 1 2 1 1 2 3 4 2 10 1 13 10 1 2 3 2 1 1 4 3 4 3 3 4 2 1 3 1 4 4 4 3 3 3 3 3 4 1 3 3 3 2 4 1 0 1 4 3 0 0 3 4 4 4 1 3 3 0 1 0 1 0 3 1 0 1 3 1 1 0 0 0 0 0 0 1 1 1 1 1 0 1 1 1 0 0 1 0 1 1 3 1 1 3 1 0
54 16 2 2 1 . 3 2 1 4 4 3 3 2 2 2 3 3 4 4 3 4 1 15 1 14 16 2 2 3 2 7 3 4 2 4 1 3 3 4 3 2 2 3 4 2 2 4 1 2 2 1 2 4 4 3 2 4 1 1 0 0 0 1 0 0 0 0 0 0 0 0 0 0 0 0 0 0 0 0 0 1 0 0 1 0 0 0 0 1 0 0 0 1 0 1 0 0 0 0 0 0 0 1 0 0 0 0 0 0 0
55 14 2 2 2 2 1 1 2 4 4 4 4 4 4 4 4 4 4 4 3 4 1 0 . 0 0 1 2 2 1 0 1 4 2 4 1 3 3 1 1 1 1 4 4 4 1 3 1 4 1 4 2 4 3 4 1 4 3 3 0 0 4 4 4 3 3 4 3 4 3 4 4 4 4 4 4 4 0 4 4 4 4 4 4 3 3 3 4 4 0 3 4 4 4 1 3 3 4 4 4 4 4 1 4 1 4 4 4 4 4
56 15 1 2 1 2 2 2 1 2 4 1 2 1 3 1 4 1 1 4 3 4 2 0 . 0 14 2 2 1 2 7 3 4 3 1 4 4 4 4 1 1 1 4 1 2 1 4 1 1 1 1 1 1 1 1 1 4 1 0 0 0 0 0 0 3 0 4 0 1 0 0 0 0 0 3 0 1 0 0 0 1 0 0 0 0 0 0 0 0 0 0 0 0 0 0 0 0 0 0 0 4 0 0 0 1 1 0 1 0 0
57 15 1 2 2 2 . 3 3 4 3 2 4 2 4 4 4 4 4 4 2 3 1 11 1 5 14 2 2 3 2 6 3 1 1 4 1 3 4 3 2 2 1 3 4 3 2 3 2 3 1 3 1 3 2 3 4 4 0 0 0 0 1 1 0 0 0 1 0 0 1 0 0 0 0 1 0 0 1 0 0 1 1 1 1 0 0 0 0 0 0 0 1 1 0 0 0 1 0 0 0 1 0 1 0 0 0 0 1 0 0
58 14 2 2 2 2 1 3 1 3 3 1 1 4 3 4 3 1 2 1 1 4 1 13 2 13 12 1 1 2 2 3 3 4 1 1 1 4 4 2 1 1 3 1 3 4 1 1 1 4 1 1 2 1 1 4 4 1 1 1 0 1 1 3 3 3 3 4 4 4 4 4 4 4 4 4 4 4 4 4 1 3 3 3 4 1 1 0 4 3 0 0 1 2 1 1 3 3 1 2 2 1 2 1 0 1 1 2 3 4 4
59 17 2 2 2 2 1 1 1 2 4 3 2 4 4 2 4 2 4 4 3 2 1 0 . 0 0 1 2 1 1 0 3 4 4 4 2 4 4 3 4 3 1 4 4 4 1 4 2 4 1 4 4 4 2 4 1 4 4 0 0 0 0 0 0 1 0 1 0 0 0 0 0 0 0 0 0 0 0 0 0 1 0 0 0 0 0 0 0 0 0 0 1 0 1 0 0 0 0 0 0 0 0 1 0 0 0 0 0 0 0
60 15 1 2 2 1 2 2 2 1 1 1 1 1 1 1 1 2 2 1 3 4 3 15 1 15 0 1 2 3 1 0 3 4 1 4 1 4 4 4 1 1 1 4 4 4 1 4 1 4 1 2 1 4 3 1 1 4 0 0 0 0 0 0 0 0 0 1 0 0 0 1 0 1 1 0 0 1 0 0 0 1 0 1 0 0 0 0 0 0 0 0 1 0 0 0 0 0 0 0 0 0 0 1 0 0 0 1 1 0 0
61 16 2 2 2 3 2 3 3 2 1 1 1 1 1 1 1 1 1 1 3 4 1 6 8 11 0 1 2 2 2 0 1 3 1 4 1 4 4 4 1 3 1 3 4 3 2 4 1 4 1 1 2 4 4 2 2 3 0 0 0 0 0 4 0 0 0 3 0 0 4 1 1 0 0 3 0 0 0 0 0 1 3 1 2 0 1 0 0 0 0 0 0 1 1 1 2 0 0 0 0 0 0 4 0 0 1 0 4 0 1
62 15 1 2 2 2 . 2 2 3 2 1 1 2 1 2 1 1 1 1 3 4 1 0 . 0 14 3 2 3 1 0 3 4 1 4 4 4 4 3 1 4 1 4 4 1 1 1 1 4 1 4 1 4 4 4 1 4 0 0 0 0 0 4 1 1 4 1 0 0 0 0 0 0 0 1 1 4 4 0 4 4 0 0 4 0 0 0 0 0 0 0 0 4 2 2 2 0 2 2 2 2 0 2 2 0 2 2 4 1 0
63 17 1 2 2 2 1 2 2 4 4 4 4 4 4 4 4 4 4 4 2 4 1 10 4 11 12 2 1 5 2 10 3 4 1 4 1 4 4 4 1 3 1 4 4 4 1 4 1 4 1 1 1 4 4 3 3 4 0 0 0 0 0 0 0 0 0 0 0 0 0 0 0 0 0 0 0 0 0 0 0 0 0 0 0 0 0 0 0 0 0 0 0 0 0 0 0 0 0 0 0 0 0 0 0 0 0 0 0 0 0
64 15 1 2 2 3 . 2 2 1 1 1 1 1 1 2 1 1 1 2 3 4 1 14 8 14 14 1 2 2 2 8 3 4 1 4 1 4 3 4 3 3 2 3 3 3 2 4 1 3 1 3 3 3 3 3 1 4 0 0 0 0 1 1 0 0 0 1 0 0 2 0 0 0 1 0 0 1 0 0 1 0 1 0 0 1 1 0 0 0 0 0 0 1 0 1 0 1 0 0 0 0 0 2 0 1 1 0 1 1 0
65 17 2 3 2 3 3 1 3 3 4 2 4 4 3 2 4 2 2 2 3 3 2 0 . 0 0 1 2 1 1 0 3 4 1 4 1 4 4 4 1 1 1 4 4 1 1 4 1 4 1 1 1 4 3 3 1 1 1 0 0 0 0 0 0 0 0 1 1 1 1 0 1 1 1 1 0 0 0 0 0 0 0 0 0 0 0 0 1 0 0 0 0 0 0 0 0 0 0 0 0 0 0 0 0 0 0 0 0 0 0
66 18 2 2 2 3 2 . . 2 4 1 2 1 4 4 4 3 4 4 3 1 2 13 2 13 13 2 1 5 2 1 3 3 2 4 1 3 4 2 1 2 2 3 3 2 2 3 1 4 1 2 2 4 4 2 2 4 1 0 0 1 1 3 0 1 0 3 0 0 1 0 1 0 1 3 0 1 1 0 0 1 0 1 1 0 0 0 0 0 1 1 4 1 1 1 0 4 4 3 1 0 0 1 0 1 4 1 1 3 1
67 13 2 2 2 3 . 2 3 3 4 2 4 4 4 3 4 2 3 4 3 2 1 13 1 12 12 2 2 3 2 4 3 4 1 3 1 4 4 4 3 1 3 4 4 4 1 4 1 4 1 1 1 3 1 4 1 4 4 0 0 0 1 4 0 0 1 4 0 0 4 1 0 1 1 1 1 0 1 1 0 3 0 3 1 0 3 0 3 0 0 4 1 1 3 1 1 0 3 1 1 1 1 3 0 1 3 1 3 3 0
68 18 1 2 2 2 3 . . 2 4 2 3 4 4 4 4 4 4 3 2 2 1 13 4 12 14 2 1 5 2 6 3 3 1 3 1 4 3 3 1 3 3 3 4 4 1 3 1 3 1 1 4 3 4 3 3 4 1 0 0 3 1 3 1 0 0 1 0 0 1 0 1 0 0 1 1 0 1 0 0 1 3 1 3 0 0 0 0 0 0 0 1 3 1 1 0 0 0 1 1 1 0 1 0 0 1 0 1 1 1
69 19 1 3 2 1 . . . 2 2 1 2 1 2 2 2 2 2 3 3 3 3 17 3 17 17 1 1 5 2 9 3 3 2 3 2 3 3 3 2 3 3 3 3 3 2 3 3 2 3 2 3 3 3 2 2 3 0 0 0 0 0 0 0 0 0 0 0 0 0 0 0 0 0 0 0 0 0 0 0 0 0 0 0 0 0 0 0 0 0 0 0 0 0 0 0 0 0 0 0 0 0 0 0 0 0 0 0 0 0
70 15 1 2 2 . . . 1 1 1 1 1 4 2 2 1 1 2 2 3 3 1 14 2 0 0 2 2 3 2 4 1 4 4 4 4 4 4 1 1 1 1 4 4 1 1 1 1 4 1 1 1 2 2 4 1 4 0 0 0 0 0 0 0 0 0 0 0 0 0 0 0 0 0 0 0 0 0 0 0 0 0 0 0 0 0 0 0 0 0 0 0 0 0 0 0 0 0 0 0 0 0 0 0 0 0 0 0 0 0
71 12 1 1 2 2 2 . . 3 4 1 1 2 3 4 4 3 1 1 3 4 3 0 . 0 0 1 2 1 1 0 1 2 4 3 2 1 4 4 2 3 1 4 4 2 3 4 4 3 3 2 2 4 4 3 4 4 1 1 1 0 3 2 0 3 0 0 3 1 0 0 0 0 0 1 1 3 1 0 0 3 0 1 0 0 0 0 0 0 0 0 0 0 0 0 0 0 1 0 0 3 4 1 0 1 0 0 1 0 0
72 14 1 2 2 3 . . . 2 3 1 2 1 3 2 4 2 4 1 3 4 3 0 . 0 0 1 2 2 2 7 3 4 1 4 1 4 4 3 1 1 1 4 4 4 1 4 1 3 1 2 3 4 4 3 1 4 1 0 0 0 0 2 1 0 0 1 0 0 0 1 0 1 1 0 0 0 0 0 1 1 0 1 0 0 0 0 0 0 1 0 0 0 1 0 0 0 0 1 0 0 0 0 0 0 1 0 1 0 0
73 16 2 2 2 2 1 1 2 2 2 2 2 2 2 2 2 2 2 2 3 2 3 8 3 0 0 3 1 5 2 1 1 3 2 3 2 3 3 2 3 3 3 3 2 3 3 2 2 3 2 2 3 3 3 3 2 2 2 2 2 2 2 2 2 2 2 2 2 2 2 2 2 2 2 2 2 2 2 2 3 3 2 2 2 2 2 2 2 2 2 2 2 2 1 2 2 2 2 2 2 2 2 2 3 2 2 2 2 2 2
74 12 2 1 2 3 3 1 3 4 4 1 4 4 4 1 4 4 4 4 3 2 1 0 . 0 0 3 2 3 1 0 1 4 1 4 1 4 4 1 4 1 1 4 4 1 1 4 1 4 1 1 4 4 1 4 1 1 0 0 0 0 0 0 0 0 0 0 0 0 0 0 0 0 0 0 0 0 0 0 0 0 0 0 0 3 0 0 0 0 0 0 0 3 0 0 0 0 0 0 0 0 0 0 0 3 0 0 0 0 0
75 13 2 2 2 2 2 2 2 4 4 2 2 3 3 3 4 1 4 4 3 4 2 11 1 12 0 1 2 3 2 0 1 3 1 3 1 4 4 1 4 4 3 2 1 3 3 3 3 3 3 1 1 2 1 3 1 1 0 1 0 1 1 3 0 1 0 3 0 0 0 3 3 4 3 2 1 3 2 1 2 4 4 4 3 3 0 0 0 0 0 1 1 3 0 4 0 1 4 0 1 0 0 4 0 3 4 1 3 4 1
76 15 2 2 1 3 3 2 2 2 3 1 2 1 4 4 4 2 3 4 3 3 3 0 . 0 14 3 2 3 2 2 3 4 1 4 1 3 4 4 3 3 4 3 4 4 2 3 1 3 3 2 3 3 3 4 1 4 1 1 0 1 0 1 0 0 0 1 0 0 0 0 1 0 0 1 0 1 0 0 1 1 0 1 0 0 0 1 0 0 0 1 1 1 0 0 2 0 0 2 0 0 0 0 1 0 1 0 2 1 0
77 15 2 2 2 3 2 2 3 4 4 2 3 3 4 2 4 4 2 4 3 3 2 0 . 14 14 2 2 3 2 2 3 3 2 1 1 4 4 3 1 3 2 4 4 3 1 3 1 4 1 1 1 2 2 4 1 3 0 0 1 0 0 0 0 0 0 1 0 0 0 0 0 0 0 0 0 1 0 0 0 1 0 1 1 0 0 0 0 0 0 1 0 0 0 0 0 0 0 0 0 0 0 1 0 0 0 0 3 0 0
78 17 1 2 2 1 2 2 3 1 2 1 3 4 3 1 3 1 4 4 3 3 1 0 . 16 0 1 2 1 2 6 1 4 1 4 1 4 4 4 1 1 1 4 4 4 1 4 1 4 4 1 1 4 4 1 1 4 3 0 0 0 0 2 0 0 0 2 0 0 0 1 0 0 0 1 0 1 0 0 0 0 0 0 0 0 0 0 0 0 1 0 0 1 0 1 4 0 0 0 0 0 0 1 0 0 0 0 4 0 0
79 12 2 2 2 2 . 2 2 1 2 2 1 1 1 1 3 1 2 1 3 2 1 10 1 10 11 1 2 1 1 0 3 3 1 4 1 3 4 4 4 3 4 4 3 1 2 4 1 4 1 1 1 3 4 3 2 1 2 0 0 0 0 1 0 0 0 0 0 0 1 0 0 0 0 1 0 1 0 0 0 1 0 0 0 0 0 0 0 1 0 1 0 0 1 0 0 0 0 0 0 0 0 0 0 0 0 0 1 1 1
80 15 1 2 2 2 1 . . 4 4 1 4 1 2 1 4 1 3 2 3 4 2 13 8 13 0 1 2 3 1 0 1 3 1 3 1 4 2 4 1 1 1 3 4 4 1 3 1 3 1 3 1 2 4 3 4 4 0 0 1 0 0 1 0 0 0 0 1 0 0 1 0 0 0 1 0 1 3 0 1 1 0 0 1 0 0 0 0 0 0 0 1 1 1 0 1 0 1 0 0 0 0 1 0 0 0 1 0 1 0
81 17 1 2 2 3 . 3 2 2 3 2 2 2 1 4 3 1 2 4 3 4 1 14 8 15 0 2 2 4 2 10 3 3 1 3 1 3 4 4 3 2 3 4 2 4 2 3 1 3 1 2 3 4 3 2 2 4 0 0 1 0 0 1 0 0 0 1 0 0 1 0 0 0 0 0 0 0 0 0 0 1 1 1 1 0 0 0 0 0 0 0 1 1 0 1 0 0 0 1 1 0 0 1 0 1 1 1 0 0 0
82 15 2 2 2 2 2 2 3 1 1 1 1 1 1 2 1 1 2 2 3 3 1 12 8 15 15 2 2 3 2 2 1 3 2 3 1 3 3 2 1 1 2 2 1 2 3 3 1 4 2 2 2 1 3 1 2 3 0 1 0 0 1 2 0 0 0 1 1 0 0 1 1 0 1 0 0 0 1 0 0 2 1 1 0 0 0 0 0 0 0 1 0 1 2 0 1 0 0 1 1 0 0 1 0 1 1 0 0 1 0
83 16 1 2 2 1 3 2 1 4 4 3 4 2 4 3 4 4 4 4 3 4 3 11 2 5 0 . 2 5 2 4 3 4 3 1 3 2 4 1 4 4 4 3 4 4 4 1 1 3 1 4 4 1 1 4 1 1 0 0 0 0 0 0 1 0 0 0 0 0 0 0 0 1 0 0 0 0 0 0 0 0 1 0 0 1 0 0 0 0 0 0 0 0 0 0 0 1 0 0 0 1 0 0 0 1 0 1 1 1 1
84 14 1 1 2 . 1 2 2 1 1 1 3 1 1 1 1 1 1 4 3 2 1 0 . 0 0 2 2 1 1 0 1 3 3 2 2 3 3 2 2 3 2 3 2 2 2 3 2 3 2 2 2 2 2 3 2 3 0 0 0 0 1 1 0 0 0 1 0 0 0 1 1 0 0 0 0 0 0 0 0 1 0 1 1 0 0 0 1 0 0 0 0 0 0 0 0 0 0 0 1 2 0 0 3 0 1 0 1 0 1
85 18 2 2 2 3 1 2 1 4 4 3 4 2 4 1 4 4 2 3 2 2 2 0 . 13 16 3 2 5 2 4 3 3 2 4 1 4 3 3 3 4 4 3 3 4 4 4 1 3 3 2 4 4 4 3 2 4 0 0 0 1 0 3 0 0 0 1 1 0 0 1 0 1 0 3 0 0 0 0 0 1 0 0 0 0 0 0 0 0 0 0 0 1 0 3 0 0 0 0 0 0 0 0 0 0 0 0 3 0 0
86 13 2 2 2 . 3 2 3 1 1 1 1 2 2 2 2 1 3 3 3 4 1 13 1 13 0 2 2 2 1 0 1 3 3 3 1 3 3 4 1 1 3 3 4 2 3 3 3 3 2 2 2 3 3 2 3 4 0 0 0 0 0 1 0 0 0 0 1 0 0 0 0 0 0 1 0 1 0 0 0 0 0 0 0 0 0 0 0 0 0 0 0 1 0 0 0 0 0 0 0 0 0 1 0 0 0 0 0 0 0
87 15 1 2 2 3 . 1 2 1 3 1 3 1 1 3 4 3 1 1 3 4 1 9 3 12 14 1 2 1 2 1 1 4 4 1 2 2 1 1 1 4 4 1 1 4 1 4 4 1 2 1 4 4 1 4 1 1 3 0 0 0 0 0 0 0 0 3 3 0 0 0 0 0 0 0 0 0 0 0 0 0 3 0 0 0 0 0 0 0 0 0 0 0 0 0 0 0 1 0 0 1 0 0 0 0 0 0 0 0 0
88 15 2 2 2 3 . 3 2 3 4 3 4 4 4 4 4 3 4 4 2 4 2 15 8 13 0 4 2 5 2 7 3 1 1 2 1 1 1 1 4 4 1 1 1 1 1 4 2 1 1 1 1 4 4 1 4 4 0 0 0 1 0 4 0 0 0 4 0 0 0 0 0 0 0 4 0 4 4 0 3 4 4 4 4 0 0 0 0 0 0 0 0 4 3 1 0 0 1 1 3 1 0 3 0 1 1 0 1 1 0
89 17 2 1 2 2 1 2 1 1 2 1 3 1 2 2 2 2 3 2 3 3 1 0 . 16 0 1 2 2 2 2 3 2 2 4 2 3 3 4 1 2 2 3 3 2 2 3 2 3 2 1 2 3 3 2 2 3 0 2 0 1 1 1 0 0 0 1 3 0 0 0 0 1 1 0 0 0 0 0 1 0 1 0 0 0 1 0 0 0 0 0 0 1 0 0 0 0 0 0 0 0 0 0 0 1 0 0 0 0 0
90 17 2 2 2 3 . 2 2 2 2 1 4 3 2 1 2 2 1 2 2 4 1 0 . 0 0 4 2 2 1 0 1 3 1 4 1 4 4 3 1 1 1 4 3 2 1 4 1 4 3 2 3 4 4 3 3 4 0 0 0 0 1 0 0 0 0 1 0 0 0 0 0 2 0 0 0 0 0 0 0 1 1 0 0 2 1 0 0 0 0 0 0 1 0 0 0 0 0 0 0 0 0 0 0 0 0 0 0 0 0
91 17 1 1 2 . 2 3 2 1 1 1 1 1 1 2 2 1 1 2 3 4 3 16 4 10 12 . 2 2 2 1 1 2 3 3 2 2 3 3 2 2 2 3 2 2 3 3 2 2 3 2 3 3 3 2 3 3 0 0 0 0 0 0 0 0 0 0 0 0 2 1 0 2 2 0 0 0 0 0 0 0 0 0 0 0 0 0 0 0 0 0 1 0 0 1 0 0 0 0 0 0 0 0 0 0 0 0 0 0 0
92 13 2 2 2 3 2 2 3 2 4 2 1 4 2 2 2 2 1 1 2 3 1 0 . 0 0 2 2 3 1 0 3 1 3 3 3 2 2 2 3 3 4 2 2 2 4 2 1 2 3 3 3 3 3 3 2 3 0 0 0 1 0 3 0 0 0 1 2 0 0 0 0 0 0 0 0 1 1 0 0 0 1 1 1 1 0 0 0 0 0 0 0 1 0 0 0 0 0 0 1 0 0 0 0 0 0 0 4 1 0
93 12 2 2 2 2 . . . 2 3 1 2 1 1 1 2 1 1 2 3 4 2 10 2 0 0 1 2 5 1 0 1 1 1 3 1 4 4 3 1 1 1 4 4 2 1 3 1 4 1 2 1 3 3 1 4 1 0 0 0 0 3 0 0 0 0 1 0 0 0 0 0 0 0 0 0 1 0 0 0 0 1 1 1 0 0 0 0 0 0 1 . 3 0 0 0 0 0 0 0 1 0 1 0 0 1 0 0 0 0
94 15 1 2 2 2 . 2 2 2 1 1 1 1 1 1 1 2 1 1 2 4 1 0 . 0 0 4 1 5 1 0 1 4 1 4 4 4 4 4 2 2 1 4 4 1 4 4 1 1 4 3 4 4 3 2 4 4 0 0 0 0 0 0 0 0 0 0 0 0 0 0 0 0 0 0 0 0 0 0 0 0 0 0 0 0 0 0 0 0 0 0 0 0 0 0 0 0 0 0 0 0 0 0 0 0 0 0 0 0 0
95 12 1 2 2 1 3 3 1 4 2 1 2 1 2 2 2 2 1 4 2 3 1 0 . 0 0 2 2 5 1 0 3 4 1 3 1 4 4 3 1 2 1 4 4 3 3 3 1 4 2 3 2 3 3 2 3 2 0 0 0 1 3 0 1 0 0 0 0 3 3 3 3 3 0 0 0 1 1 1 1 1 3 1 1 0 1 1 0 0 1 0 0 1 3 1 3 2 2 1 1 0 1 1 1 1 1 3 3 3 3
96 18 2 2 2 3 1 1 3 2 4 1 2 1 1 1 4 3 1 3 3 3 1 0 . 14 0 1 2 1 1 0 3 2 1 1 1 3 3 3 3 1 1 1 2 1 3 2 1 2 1 4 2 1 3 4 4 4 0 0 1 0 0 4 0 1 1 0 1 1 0 1 1 2 4 4 1 4 0 0 0 0 4 0 0 2 0 2 0 4 0 2 2 4 2 4 1 0 0 0 1 0 1 2 0 0 0 0 1 2 0
97 17 1 1 2 2 3 2 2 2 4 1 2 2 2 2 4 1 2 4 3 4 1 0 . 11 0 2 2 2 2 4 1 4 1 4 1 4 4 4 1 1 3 4 4 3 3 1 1 4 1 2 1 4 4 4 1 1 1 0 0 0 1 3 0 0 0 1 0 0 0 0 0 0 0 0 0 0 0 0 0 0 0 0 1 0 0 0 0 0 0 0 0 1 0 1 0 0 0 0 1 0 0 0 0 0 0 0 0 0 0
98 14 2 3 1 . 1 2 2 2 3 1 1 1 2 2 3 1 2 2 3 3 3 10 4 11 12 2 2 4 2 2 3 3 1 4 1 1 4 4 1 1 2 3 3 3 2 4 1 4 1 1 1 3 3 1 2 4 0 0 0 1 2 1 0 0 0 1 0 0 0 1 0 0 0 0 0 0 0 0 0 0 0 0 0 0 0 0 0 0 1 0 0 0 0 0 0 0 0 0 0 0 0 0 0 0 0 0 0 0 0
99 13 2 2 2 2 1 2 1 2 4 1 2 2 1 2 3 3 2 1 3 3 1 11 8 12 0 2 2 2 2 5 3 3 2 3 1 4 4 3 3 3 4 3 3 3 3 3 1 3 1 3 4 3 2 4 2 3 0 0 0 1 0 3 1 2 1 3 0 0 1 1 0 0 2 0 0 0 1 1 1 0 0 1 0 0 0 0 0 0 0 1 1 0 1 0 0 1 2 1 0 1 0 2 0 1 1 0 1 1 2
100 18 2 3 2 2 1 . . 4 4 4 4 4 4 4 4 4 4 4 3 4 2 14 2 16 15 3 2 3 2 4 3 4 3 4 1 4 4 4 1 4 1 4 4 4 4 4 1 4 1 4 4 4 4 4 1 4 0 0 0 0 0 3 0 0 0 3 3 0 0 3 0 0 0 0 0 0 0 0 0 4 3 3 0 3 0 0 0 0 0 0 0 0 0 0 0 0 0 0 0 0 0 0 0 0 0 0 0 0 0
101 15 2 2 2 . . . . 2 3 2 2 4 4 4 4 3 2 4 3 4 2 10 8 0 10 1 2 3 2 6 3 3 2 3 1 3 3 2 1 3 1 2 3 1 2 2 1 3 2 1 2 2 1 2 4 2 2 3 4 1 2 4 0 1 0 3 0 0 3 2 2 2 3 3 2 4 1 1 0 1 0 1 0 0 0 1 1 1 0 3 2 2 0 2 2 4 2 2 2 3 1 1 1 3 2 2 3 2 2
102 15 1 1 2 3 2 3 1 3 4 1 3 4 2 1 2 3 2 3 2 3 1 0 . 0 0 2 2 2 1 0 1 4 1 1 1 4 4 4 4 2 4 4 4 4 3 4 1 4 1 1 1 4 4 4 1 4 0 0 0 0 1 1 0 0 0 0 0 0 0 0 1 0 0 0 0 0 0 0 0 0 0 1 0 0 0 0 0 0 0 0 1 0 0 0 0 0 0 0 0 3 0 0 0 0 0 0 0 0 0
103 16 1 2 2 2 1 2 1 2 2 1 1 1 1 2 2 4 4 2 3 4 2 15 1 0 15 2 2 3 2 1 1 4 1 3 1 4 4 3 1 1 1 4 4 3 1 3 1 4 1 1 1 3 3 4 1 4 0 0 0 0 0 0 0 1 0 1 0 0 0 1 0 0 0 0 1 0 1 0 0 1 0 1 1 0 0 0 0 0 0 1 0 1 0 0 0 0 0 1 0 1 0 0 1 1 0 0 1 1 0
104 13 2 2 1 2 2 2 2 1 3 1 3 3 4 4 4 3 4 4 3 4 1 0 . 0 0 1 2 3 2 4 3 4 3 1 4 4 3 3 3 2 2 4 4 2 2 3 1 4 1 4 2 4 4 1 1 2 0 0 0 0 1 4 0 0 0 1 0 0 4 4 0 4 4 3 0 3 0 0 0 0 0 0 0 0 0 0 0 0 0 1 0 0 0 0 0 1 1 1 0 2 0 4 0 1 0 0 0 4 0
105 13 1 2 2 2 3 . . 3 1 1 1 1 3 2 1 1 3 3 2 4 2 11 8 0 0 1 2 4 1 0 1 4 1 4 1 4 4 3 1 1 1 4 4 2 1 4 1 4 1 3 1 3 3 2 1 4 0 0 3 0 0 4 0 0 0 1 0 0 4 0 0 0 0 0 0 0 0 0 0 0 1 0 1 0 0 0 0 0 0 0 0 0 0 0 0 0 0 1 0 4 0 1 0 0 0 0 0 0 0
106 13 1 1 2 3 3 2 3 4 3 3 2 2 3 2 4 4 3 3 3 4 1 0 . 0 0 2 2 2 1 0 1 4 1 4 1 3 4 4 1 1 1 4 4 4 1 4 1 4 1 2 1 4 4 1 4 4 1 0 0 1 2 3 0 0 0 2 2 0 4 0 1 0 0 2 1 0 0 2 0 0 0 0 1 0 0 0 0 0 0 0 1 0 0 0 0 2 0 0 0 0 0 3 0 0 1 0 0 1 0
107 13 2 2 2 2 1 3 2 1 4 1 1 1 3 3 4 3 3 1 2 3 1 0 . 9 0 2 2 1 1 0 3 3 1 2 1 4 4 2 2 3 1 4 4 3 1 3 1 4 1 3 3 2 1 3 3 1 0 0 0 0 0 0 1 0 0 0 0 0 3 0 0 1 1 0 0 0 4 0 0 3 0 0 0 0 0 0 0 0 0 0 0 3 0 0 0 0 0 0 0 0 0 0 0 0 0 0 0 0 0
108 12 2 2 2 1 . 3 1 2 1 1 2 1 1 1 1 2 1 1 3 4 1 0 . 0 0 1 2 2 1 0 3 4 1 3 1 4 4 3 1 1 1 4 4 1 1 3 1 4 1 1 2 4 3 1 1 3 1 0 0 0 0 0 0 0 0 1 0 0 0 1 0 1 0 0 0 0 0 1 0 0 0 0 1 1 0 0 0 0 0 0 1 0 0 0 0 0 0 0 0 1 0 0 1 1 0 0 0 0 0
109 12 2 2 2 2 2 2 2 2 1 1 4 1 1 2 1 1 4 2 2 4 1 0 . 0 0 1 2 1 1 0 1 3 2 1 2 1 2 1 3 4 1 4 4 1 2 1 1 4 2 3 4 1 2 2 3 2 0 0 0 4 1 0 0 1 4 0 0 4 0 3 0 0 2 0 0 4 0 0 1 3 0 4 4 0 0 0 0 0 0 4 2 4 1 0 2 0 4 0 0 3 1 1 2 3 0 0 4 1 1
110 15 2 2 2 2 1 2 3 3 4 2 2 2 3 2 3 4 2 4 3 4 1 12 8 10 13 2 2 2 2 4 3 3 2 3 1 2 3 3 4 3 1 2 2 3 2 3 1 3 2 2 2 2 2 1 1 3 1 0 0 1 1 2 1 0 0 1 0 0 0 0 0 0 1 0 0 1 0 0 0 0 1 0 1 0 1 0 1 1 0 0 0 1 0 2 0 0 0 0 1 0 0 1 0 2 0 0 1 0 0
111 15 1 2 2 2 2 . . 3 4 2 2 3 4 3 4 3 4 3 3 3 2 4 8 10 0 2 2 5 2 8 3 3 1 3 1 3 4 4 1 2 2 3 3 2 2 3 1 4 1 1 2 2 2 3 1 2 0 0 0 1 2 1 2 0 0 3 0 0 0 1 2 1 1 1 0 0 0 0 0 1 1 1 2 0 0 0 0 1 1 1 2 2 2 1 2 1 2 1 1 1 0 2 0 1 1 0 2 1 2
112 13 2 2 2 3 1 3 1 1 1 1 1 1 1 1 1 1 1 1 2 4 1 9 2 0 0 4 2 5 1 0 1 3 1 4 1 3 1 4 1 1 1 4 4 1 3 4 1 4 1 4 4 4 4 4 4 4 3 1 0 3 1 3 0 1 3 0 0 3 1 3 0 1 3 3 0 1 1 3 0 0 0 0 0 3 0 1 3 1 0 3 1 3 3 0 1 0 0 0 1 3 0 3 3 1 3 0 1 0 1
113 13 1 1 2 2 3 2 3 1 2 1 2 1 2 2 1 2 3 1 3 3 1 8 8 2 13 3 2 2 2 0 1 4 3 3 1 4 4 2 1 2 4 3 4 2 1 3 1 4 1 3 2 2 2 4 2 2 0 1 0 1 2 4 3 0 0 2 2 0 1 1 1 0 3 1 3 2 2 3 2 1 0 2 3 0 0 0 0 2 2 1 1 0 1 1 0 2 0 4 3 2 0 2 0 2 2 1 2 3 3
114 13 1 2 2 2 1 2 1 1 3 2 2 3 4 4 4 3 3 3 2 3 1 7 1 10 0 1 2 2 2 4 1 4 2 4 2 4 3 4 2 2 3 4 3 3 2 3 1 4 1 2 1 3 4 3 2 4 0 2 0 3 1 1 0 0 1 2 1 1 4 2 2 2 2 3 0 1 1 3 0 1 0 2 2 0 0 0 0 1 0 0 0 2 0 0 2 3 3 2 0 0 0 1 0 2 1 2 0 1 2
115 13 2 2 2 3 3 2 2 1 1 1 2 1 1 1 1 2 1 2 3 4 2 10 8 0 0 2 2 1 2 3 3 4 1 3 1 3 4 4 1 3 2 4 4 4 1 3 1 3 1 4 4 3 3 1 2 1 0 0 0 0 1 0 0 0 0 1 0 0 1 1 0 0 0 1 0 1 0 0 1 1 0 1 1 0 1 0 0 0 0 0 1 0 0 0 1 0 0 1 0 1 1 1 0 1 0 0 0 0 0
116 17 1 2 2 . . 2 1 4 3 3 4 3 3 3 4 4 4 4 3 3 1 16 1 12 14 1 2 3 2 2 3 3 1 3 1 2 3 2 2 2 2 3 3 3 3 2 1 2 1 2 3 2 3 3 3 4 0 0 0 1 0 2 0 0 0 2 0 0 1 2 2 1 1 2 2 1 1 2 0 1 2 1 2 0 0 0 0 0 0 0 1 1 0 1 0 1 1 1 1 0 0 1 0 2 2 2 1 2 0
117 16 1 2 2 . . 2 1 2 3 1 3 4 3 4 4 3 2 2 2 4 1 11 2 14 15 2 2 2 2 10 3 4 1 3 2 1 4 3 1 3 2 1 4 2 4 3 3 1 1 1 3 3 3 2 3 4 0 0 0 1 1 1 0 0 0 2 0 1 1 3 1 3 3 2 1 2 2 1 0 2 0 2 3 1 0 1 2 0 0 2 1 1 1 0 0 0 0 1 2 0 0 1 0 2 2 2 3 2 0
118 17 2 3 2 3 . 2 1 1 2 1 1 1 1 1 2 4 2 3 3 2 2 0 . 16 17 2 2 3 2 0 1 4 1 4 1 3 4 3 2 3 3 4 4 4 1 3 1 3 2 3 1 3 4 4 1 2 0 0 0 2 2 4 1 0 0 4 0 0 4 1 1 0 0 1 1 1 3 0 0 0 4 4 2 4 0 0 0 0 0 0 0 2 2 0 0 1 2 0 0 0 0 4 0 1 4 0 0 3 1
119 12 1 2 2 2 3 . . 1 1 1 1 1 1 1 1 1 1 1 1 4 2 0 . 0 0 2 2 4 1 0 1 4 1 4 1 4 4 2 1 1 4 4 4 2 2 2 1 4 1 2 1 4 4 4 1 2 0 0 0 0 4 0 0 0 0 0 0 0 0 0 0 0 0 0 0 0 0 0 0 0 0 1 0 0 0 0 0 0 1 0 0 1 0 0 0 1 1 0 0 0 0 0 0 1 0 0 0 0 0
120 14 1 2 2 1 1 2 1 1 4 2 1 2 4 3 4 4 4 4 2 3 1 12 2 8 0 2 2 3 1 0 1 3 4 3 4 4 3 3 4 2 2 4 4 1 3 3 1 4 1 2 2 3 3 3 4 4 2 0 0 1 1 1 0 0 0 0 1 0 0 0 1 0 0 0 0 0 1 0 0 0 0 1 0 0 0 0 0 0 0 1 0 0 1 0 1 0 1 0 0 0 0 0 1 0 0 0 0 0 0
121 12 1 2 2 3 . 1 3 1 4 1 1 1 1 1 1 4 1 3 3 4 3 0 . 0 0 1 2 1 1 0 1 4 2 3 2 4 4 1 1 4 1 4 1 4 3 1 2 4 1 1 1 2 2 4 4 4 1 2 0 3 3 4 4 2 4 2 2 0 1 2 2 2 0 3 1 0 1 0 0 0 1 0 3 0 3 1 0 0 0 0 1 0 1 2 0 1 0 2 1 2 1 2 3 2 3 2 2 1 0
122 18 2 3 2 3 2 3 1 2 3 1 1 1 2 1 3 4 4 2 1 1 2 15 3 14 15 1 2 2 1 0 1 3 1 3 2 3 4 1 4 4 4 3 4 4 3 3 2 4 2 1 3 3 2 4 2 4 . 0 0 1 1 1 1 0 0 1 1 0 3 3 1 1 . 1 1 3 0 1 3 0 1 3 4 0 1 0 0 1 1 1 3 3 0 1 1 1 3 4 1 . 0 0 1 0 1 0 1 1 1
123 17 1 2 2 3 1 3 1 2 1 1 1 1 2 1 1 1 1 2 2 3 2 0 . 0 0 2 2 2 2 2 1 4 1 3 1 4 4 3 2 2 1 3 3 3 2 3 1 4 1 1 1 3 1 2 1 4 0 0 0 0 0 1 0 0 0 0 0 0 0 0 0 0 0 0 0 1 0 0 0 0 0 0 1 0 0 0 0 0 0 0 0 1 0 0 0 0 0 1 3 1 0 1 0 0 0 0 0 0 0
124 12 2 1 2 2 . 3 2 3 4 1 4 4 4 4 4 4 4 4 3 4 1 0 . 0 0 3 2 3 1 0 1 3 3 4 3 4 4 3 4 3 1 4 1 4 4 3 1 3 3 1 4 3 3 3 3 2 0 1 0 0 0 1 0 0 0 1 0 0 1 0 0 0 0 0 0 0 0 0 1 1 1 0 0 1 0 0 0 0 0 0 1 0 0 0 1 0 0 0 0 0 0 0 1 0 0 0 1 0 0
125 12 1 1 2 2 2 . . 3 3 1 3 1 3 1 3 1 1 4 3 4 1 . . . . . 2 1 1 0 3 4 2 1 4 4 4 4 1 4 1 4 4 4 1 4 1 4 1 4 4 1 4 4 1 4 0 0 0 0 0 0 0 0 0 0 0 0 0 0 0 0 0 0 0 0 0 0 0 0 0 0 0 0 0 0 0 0 0 0 0 0 0 0 0 0 0 0 0 0 0 0 0 0 0 0 0 0 0
126 16 1 2 2 2 . 2 2 2 3 1 3 3 3 2 4 2 3 1 3 4 2 0 . 0 0 2 2 1 1 0 3 4 2 4 2 4 4 3 1 3 1 3 3 1 2 4 1 4 3 2 1 4 3 3 2 4 0 0 0 0 0 0 0 1 0 1 0 0 1 1 0 1 0 0 0 0 1 0 0 1 0 3 0 1 0 0 0 0 1 0 0 1 0 0 0 0 0 1 0 0 0 1 0 0 0 0 0 0 0
127 12 2 1 2 2 2 3 3 1 2 1 2 4 4 1 4 3 4 4 3 4 1 6 2 0 0 2 2 5 1 0 1 3 4 4 3 3 1 1 1 4 3 2 2 2 2 2 2 3 2 2 2 2 3 2 3 3 0 0 0 3 0 1 0 1 1 0 0 0 0 4 4 4 4 3 4 4 4 4 3 4 0 4 0 0 0 0 0 . . . . . 0 0 3 0 0 0 0 0 3 3 3 0 0 3 3 3 0
128 15 2 2 2 3 2 2 2 2 1 1 1 2 1 2 1 1 2 1 1 4 1 0 . 0 15 2 2 2 2 6 3 3 2 1 1 3 3 4 4 4 3 3 3 3 3 2 3 3 3 3 3 3 3 4 3 4 1 0 0 0 1 1 1 0 0 1 1 1 0 2 2 2 1 2 0 1 1 1 0 1 0 1 1 0 1 2 0 0 1 1 0 1 2 0 0 0 0 0 1 0 0 2 1 1 1 0 0 1 1
129 11 2 1 2 1 . 1 3 2 4 1 2 3 4 4 3 4 2 3 3 4 2 0 . 0 0 2 2 1 1 0 3 1 2 2 1 3 3 2 2 2 2 2 2 2 2 2 2 2 2 2 2 2 2 2 2 2 0 0 0 1 0 0 0 0 0 0 0 0 0 0 0 0 0 0 0 0 1 0 0 0 0 0 0 0 0 0 0 0 0 0 0 0 0 0 0 0 0 0 0 0 0 0 0 0 0 0 0 0 0
130 16 1 2 2 3 . 1 1 1 1 1 1 1 1 1 1 1 1 1 3 4 1 0 . 15 16 4 2 1 1 0 1 4 1 1 1 1 1 2 4 4 1 4 4 1 4 4 1 4 1 4 1 1 4 1 1 4 3 0 1 3 1 3 0 0 1 0 0 1 1 1 1 1 1 1 2 3 1 1 2 1 3 2 2 4 1 4 1 1 1 0 4 2 1 1 3 0 0 3 1 3 0 1 2 3 4 4 1 2 3
131 14 1 2 2 1 1 2 3 2 2 1 1 2 2 2 1 1 3 2 3 4 3 0 . 0 0 1 2 3 1 0 1 3 1 3 2 3 3 3 1 2 1 3 2 2 2 3 2 3 2 2 2 3 3 1 1 2 0 0 0 0 1 1 0 0 0 0 0 0 1 0 0 0 1 1 0 0 0 1 0 0 0 0 0 0 0 0 1 0 0 0 0 1 0 0 0 0 0 0 0 0 0 1 0 0 0 0 0 0 0
132 12 2 2 2 2 . 2 1 2 1 2 4 1 1 1 1 1 1 2 2 3 1 0 . 0 0 1 2 5 1 0 1 3 1 3 1 3 4 3 1 1 1 3 4 4 3 4 1 4 1 1 2 3 3 1 1 3 1 1 4 4 4 4 4 0 4 4 0 4 4 4 4 4 4 0 4 4 4 4 1 4 3 4 4 4 0 0 0 0 4 4 4 4 4 0 4 0 4 4 4 0 0 3 4 0 4 4 0 0 4
133 16 2 2 2 2 1 2 3 2 2 2 2 2 2 2 2 2 2 2 3 4 1 0 . 0 0 3 1 1 1 0 3 3 2 3 2 3 3 3 3 2 2 3 3 3 2 3 2 3 2 2 2 3 3 3 2 3 0 0 0 0 0 0 0 0 0 0 0 0 0 0 0 0 0 0 0 0 0 0 0 0 0 0 0 0 0 0 0 0 0 0 0 0 0 0 0 0 0 0 0 0 0 0 0 0 0 0 0 0 0
134 13 1 2 2 2 3 . . 1 4 2 3 1 2 4 4 4 3 4 3 4 2 0 . 0 0 1 2 1 1 0 3 1 2 3 4 2 4 2 1 4 3 4 2 4 3 4 1 3 2 4 1 3 4 4 2 1 0 0 0 0 0 0 0 0 0 0 0 2 4 0 1 1 1 0 0 0 0 1 0 0 0 0 1 0 0 0 0 0 0 0 0 0 0 0 0 0 0 0 0 0 0 0 0 0 0 0 1 1 0
135 18 2 2 2 1 1 3 1 2 2 1 2 1 2 1 1 1 2 2 3 4 1 16 8 0 0 3 1 3 2 3 3 4 1 3 1 4 4 3 1 1 1 3 3 4 3 3 1 3 2 1 1 3 4 3 3 4 1 0 0 1 4 1 1 1 0 1 1 1 2 3 1 3 3 3 3 3 1 1 1 0 1 2 0 0 0 0 1 2 0 0 3 2 1 2 3 0 0 1 2 3 1 1 0 1 0 1 1 1 2
136 16 2 2 2 2 3 2 2 4 4 3 4 4 4 4 4 4 4 4 3 4 2 13 8 13 15 1 2 2 2 8 3 4 1 3 1 3 4 3 3 3 2 2 3 4 4 1 3 3 1 2 2 2 2 3 1 2 0 0 0 0 0 1 0 0 0 1 0 0 0 1 0 0 0 1 0 1 0 1 0 0 0 0 0 0 0 0 0 0 0 0 0 0 0 0 0 1 0 1 1 0 0 0 0 0 0 0 1 1 0
137 17 2 2 2 3 2 2 2 2 3 2 2 1 4 3 4 3 2 2 3 4 2 13 2 14 16 2 1 1 1 0 1 4 1 4 1 4 4 4 1 1 1 4 4 3 1 4 1 4 1 1 1 3 3 3 1 1 1 0 0 0 0 1 0 0 0 0 0 0 0 0 0 0 0 0 0 0 0 0 0 0 0 0 0 0 0 0 0 0 0 0 0 0 0 0 0 0 0 0 0 0 0 0 0 0 0 0 0 0 0
138 17 1 2 2 3 . 2 2 2 4 2 1 1 2 2 2 1 1 1 2 1 2 15 4 15 15 3 2 1 2 4 3 2 3 3 3 3 4 3 3 4 4 4 4 4 2 3 2 3 4 4 3 3 3 4 3 3 1 0 1 1 0 4 0 1 0 3 2 0 2 1 1 2 1 1 0 2 1 1 0 1 1 1 1 0 1 0 2 0 1 1 1 1 0 0 0 1 0 0 1 1 1 1 0 1 1 0 4 1 0
139 12 2 2 2 3 1 3 1 2 3 1 3 4 4 4 2 2 2 3 3 4 2 6 8 0 0 2 2 5 2 3 1 4 1 4 2 4 4 4 1 1 1 4 4 4 2 4 1 4 1 1 1 3 3 2 1 4 0 0 0 3 0 4 0 0 0 1 0 0 3 0 0 0 0 3 0 0 0 0 0 1 0 0 0 0 0 0 0 0 0 0 0 0 1 0 0 1 1 0 0 0 0 0 0 0 0 0 0 1 0
140 18 1 2 2 2 1 2 1 1 2 1 1 2 2 2 4 4 2 1 3 3 2 0 . 0 0 1 2 3 2 10 3 4 1 1 1 2 3 3 4 1 1 2 4 2 3 4 1 4 1 2 1 3 3 2 4 4 0 0 0 0 1 1 0 0 0 1 0 1 1 1 0 0 0 1 0 1 1 0 0 1 0 1 0 0 0 0 0 0 0 0 1 0 0 0 0 0 1 1 1 1 0 1 0 1 1 0 0 0 0
141 13 1 2 2 2 . 2 3 2 4 2 1 4 4 4 4 2 3 3 3 3 2 0 . 0 0 1 2 3 1 0 1 3 1 1 1 3 3 1 1 1 1 3 3 1 1 3 1 2 1 3 1 3 3 1 1 3 0 0 0 0 0 0 0 0 0 1 0 0 0 0 0 0 0 0 0 0 1 0 0 0 0 0 1 0 0 0 0 0 0 1 0 0 0 0 0 0 0 0 0 0 0 0 0 0 0 0 1 0 0
142 13 1 1 2 3 2 . . 1 4 3 2 4 4 4 4 4 4 3 3 3 1 0 . 0 0 1 2 1 1 0 1 4 1 1 1 4 4 1 2 3 2 4 4 1 1 2 1 4 1 2 4 2 4 3 1 4 0 0 0 0 0 0 0 0 0 0 0 0 0 0 0 0 0 0 0 0 0 0 0 0 0 0 0 0 0 0 0 0 0 0 0 0 0 0 0 0 0 0 0 0 0 0 0 0 0 0 0 0 0
143 12 2 2 2 3 2 2 3 3 4 3 4 1 1 1 1 4 4 4 3 3 2 0 . 0 0 2 2 2 1 0 3 4 1 4 1 4 4 3 3 1 1 4 4 3 1 1 1 4 1 4 4 1 3 4 1 4 0 0 0 0 1 0 0 0 0 1 0 0 1 0 0 0 0 0 1 1 1 0 3 3 0 1 1 0 1 0 0 0 0 1 0 1 0 0 0 0 0 0 0 0 0 1 1 1 1 0 3 1 0
144 13 2 2 2 2 2 . . 2 3 1 4 1 1 1 4 2 1 3 3 4 3 11 8 11 12 2 2 5 2 2 3 4 1 4 1 4 4 4 1 1 1 3 3 1 1 3 1 3 1 1 1 4 4 1 4 4 1 1 0 3 0 1 0 0 0 0 1 0 0 1 0 1 1 1 0 0 0 0 0 0 0 0 0 0 0 1 0 2 0 0 0 3 3 0 0 0 0 0 0 0 0 0 0 0 0 0 0 0 1
145 17 2 2 2 3 3 3 2 1 1 1 1 1 1 1 1 1 1 1 3 2 1 0 . 17 0 2 2 2 2 0 1 3 3 4 3 1 4 4 1 1 2 1 2 4 4 4 4 1 2 1 1 2 4 3 2 4 3 1 1 0 3 4 0 0 1 1 0 3 3 2 1 1 3 3 3 3 1 0 3 2 3 1 1 0 4 0 0 3 0 1 1 3 2 4 2 4 4 2 2 1 3 4 0 4 0 2 4 1 0
146 12 2 1 2 1 3 2 1 3 2 2 2 1 2 2 2 1 2 2 3 4 2 0 . 0 0 2 2 2 1 0 3 4 1 2 1 2 4 2 1 2 4 4 2 3 2 2 1 4 1 1 1 3 2 3 1 3 0 0 0 0 0 1 0 0 0 0 0 0 0 0 0 0 0 0 0 0 0 0 1 1 0 0 1 0 0 0 0 0 0 0 0 0 0 0 0 0 0 0 0 0 0 1 0 0 0 0 0 0 0
147 11 2 1 2 2 . 2 3 3 1 1 2 1 1 2 1 2 3 2 3 4 1 0 . 0 0 1 2 2 1 0 3 4 1 4 1 4 4 4 1 3 1 4 4 4 1 4 1 4 1 1 1 4 3 4 1 1 0 0 0 0 1 0 0 0 0 0 0 0 0 0 0 0 0 0 0 0 0 0 1 1 0 1 1 0 0 1 0 0 0 1 0 1 1 0 0 0 0 0 0 0 0 0 0 0 0 0 0 0 0
148 18 2 2 2 2 1 2 1 3 3 1 3 3 3 3 3 3 3 4 1 2 1 13 1 14 16 1 2 2 2 6 3 3 2 1 3 3 4 3 3 3 3 3 4 2 2 2 1 2 2 2 4 1 1 4 3 3 3 0 0 1 2 3 0 3 0 1 3 1 0 4 3 4 3 3 3 4 1 3 4 1 3 4 4 1 0 0 1 1 1 1 1 1 1 1 0 0 0 1 1 1 1 1 3 4 4 1 1 1 1
149 14 1 2 2 1 1 2 2 3 2 1 2 3 3 3 4 2 3 4 3 4 1 4 4 12 11 2 2 2 2 7 3 4 1 3 1 4 3 3 1 2 2 3 3 2 1 2 1 4 1 2 1 3 3 2 2 4 0 1 0 1 1 3 1 0 0 1 0 0 3 1 1 0 1 1 1 2 1 2 3 4 1 2 1 0 1 0 0 0 1 0 0 1 1 0 0 2 2 1 1 2 1 3 1 1 2 0 1 0 1
150 14 2 2 2 3 1 1 3 2 1 1 1 1 2 1 2 1 1 1 3 4 1 13 8 0 0 2 2 1 2 2 3 3 4 3 1 3 4 3 4 3 2 4 3 3 3 3 1 3 4 3 3 1 1 2 4 3 0 0 0 1 0 1 0 0 1 0 1 0 0 1 0 1 1 0 1 1 0 0 1 1 1 0 1 0 0 0 0 0 0 3 0 0 1 0 1 0 0 0 1 1 0 1 0 0 0 0 1 1 0
151 13 2 2 2 3 . 3 2 2 1 1 1 1 1 1 1 1 2 2 3 4 1 0 . 0 0 1 2 3 1 0 1 4 1 2 2 4 4 2 1 4 1 4 4 1 1 1 1 4 4 4 1 1 1 4 1 4 0 0 0 0 0 0 0 0 0 0 0 0 0 0 0 0 0 0 0 0 0 0 0 0 0 0 0 0 0 0 0 0 0 0 0 0 0 0 0 0 0 0 0 0 0 0 0 0 0 0 4 0 0
152 15 2 2 2 3 1 2 2 2 3 2 3 3 3 4 3 3 2 2 2 4 3 0 . 0 0 2 2 3 2 0 1 2 1 4 2 4 3 3 3 3 2 4 3 3 2 4 1 1 1 1 2 3 3 3 2 4 1 1 3 0 1 1 3 0 0 4 1 1 1 1 1 1 1 1 1 0 0 1 1 1 1 1 1 1 1 1 1 1 1 1 1 1 1 0 0 0 1 0 1 0 1 1 0 0 0 4 1 1 0
153 18 2 2 2 3 2 2 1 2 3 2 3 1 2 3 4 2 2 4 1 1 2 0 . 0 0 4 1 2 2 2 1 4 1 4 1 4 4 3 2 1 3 4 4 3 2 3 1 4 1 1 1 3 3 2 1 4 1 0 0 0 1 1 0 0 0 3 1 0 0 3 0 0 0 0 1 1 3 1 0 1 0 1 0 0 1 0 0 0 0 0 1 0 0 1 1 0 0 2 1 1 0 1 0 0 1 0 1 0 0
154 14 2 1 1 2 3 3 1 4 4 1 3 4 4 1 4 4 2 2 3 4 3 0 . 13 14 1 2 3 2 1 1 4 1 3 1 4 4 3 3 4 4 3 4 4 1 3 1 4 1 1 1 3 3 . 4 4 3 1 0 0 0 1 0 0 0 1 0 0 0 0 0 0 0 0 0 0 0 0 0 0 1 0 0 0 1 0 0 0 0 1 0 0 0 0 0 1 0 0 0 0 0 1 0 0 1 0 0 0 1
155 13 2 2 2 2 2 2 1 2 3 2 3 1 4 4 4 3 2 2 3 4 1 0 . 0 0 1 2 2 1 0 3 4 1 2 3 3 4 4 1 3 1 4 4 1 1 4 1 4 1 4 1 4 1 1 1 4 2 2 3 1 1 1 3 1 0 1 3 1 1 3 1 3 1 3 1 1 3 1 3 1 3 1 1 3 1 0 1 3 1 1 3 2 2 1 1 3 3 3 0 1 1 1 3 3 3 1 1 1 1
156 17 1 2 2 . 1 1 3 4 4 2 4 4 4 3 4 2 3 4 3 2 2 14 8 15 16 2 2 2 2 2 1 4 2 3 1 4 4 2 1 1 1 4 4 3 1 4 1 3 1 1 1 3 2 2 1 4 0 0 0 1 1 0 2 0 0 3 0 0 0 3 1 2 0 0 0 1 0 0 0 0 0 2 0 0 2 2 0 0 1 0 1 1 3 2 0 1 1 1 0 0 0 1 0 2 2 1 4 2 0
157 16 1 2 1 2 . . . 1 1 1 1 1 1 1 1 1 1 1 3 4 2 13 2 9 9 1 1 5 2 10 3 4 1 4 1 4 4 4 1 3 2 4 4 4 2 4 1 4 1 1 1 4 4 3 1 4 0 0 0 0 0 1 0 0 0 2 0 0 2 0 0 0 0 1 0 0 0 0 0 0 0 0 2 0 0 0 0 0 0 0 0 0 0 0 0 0 0 0 0 0 0 1 0 0 1 0 0 0 0
158 13 1 2 2 1 1 2 3 3 1 1 1 1 1 1 2 2 1 2 3 4 3 12 8 0 0 1 2 3 1 0 1 4 1 3 2 4 4 3 1 3 3 4 4 3 3 3 1 4 1 4 1 3 3 4 1 3 0 0 0 1 0 1 0 1 0 1 1 1 0 0 0 0 1 1 1 1 1 0 1 1 1 0 1 0 0 0 1 1 0 1 0 2 0 0 1 1 0 1 1 1 1 1 1 1 1 1 1 1 0
159 13 1 2 2 2 . 2 3 2 3 2 1 1 1 1 3 1 2 4 3 3 1 12 1 0 0 2 2 3 2 4 1 4 2 2 1 4 4 1 1 2 1 2 1 1 2 2 1 4 1 2 1 2 3 4 1 4 0 0 0 1 0 0 0 0 0 1 0 0 1 0 0 0 0 0 0 1 3 0 0 1 1 0 0 0 0 0 0 0 0 0 0 1 0 0 0 0 0 0 0 0 0 1 0 1 1 0 1 0 0
160 14 1 2 2 3 1 1 1 3 4 3 2 4 4 4 4 4 3 4 3 3 1 0 . 0 0 2 2 2 1 0 1 3 3 3 2 4 3 2 1 3 2 3 3 2 1 3 1 2 1 2 3 2 2 2 2 4 0 0 0 0 1 1 0 0 0 1 0 0 0 0 0 0 0 0 0 1 0 0 1 0 0 3 0 0 0 1 0 0 0 0 0 0 1 0 0 1 0 0 0 0 0 1 0 1 0 0 0 1 0
161 13 1 2 2 3 2 2 2 2 4 2 3 4 4 3 4 3 2 3 3 4 2 0 . 6 0 2 2 2 1 0 3 3 1 3 1 2 4 3 2 2 2 3 3 1 2 3 1 2 1 2 1 3 3 3 1 4 0 3 0 2 0 4 4 0 1 3 1 0 1 1 0 1 1 1 0 0 0 0 2 0 1 0 0 0 2 2 1 0 0 1 1 1 1 1 3 1 0 0 0 1 0 4 0 4 0 0 0 0 4
162 15 1 2 2 3 1 2 1 4 4 1 2 1 1 1 4 1 3 4 1 4 2 0 . 0 13 2 2 2 1 0 3 2 3 3 1 3 2 2 2 3 2 2 3 2 2 3 1 2 3 3 3 2 2 2 2 4 0 0 0 0 0 1 0 0 0 0 0 0 0 0 0 0 0 0 0 0 0 0 0 0 0 0 0 0 0 0 0 0 0 0 0 0 0 0 0 0 0 0 0 0 0 0 0 0 0 0 0 0 0
163 12 1 1 2 2 . . . 3 3 1 3 1 4 1 3 4 1 3 3 4 2 0 . 0 0 1 2 1 2 1 1 4 4 4 4 4 1 1 1 2 1 4 4 1 4 2 1 4 1 1 1 4 4 4 4 4 0 0 0 0 0 0 0 0 0 3 0 0 0 0 1 0 0 1 0 0 0 0 0 0 0 1 0 0 0 0 0 0 0 0 1 0 0 0 0 0 0 0 0 0 0 0 0 0 0 0 0 0 0
164 19 2 3 2 3 1 1 3 2 2 1 1 1 2 2 2 1 1 2 3 3 2 0 . 18 0 1 2 2 1 0 1 4 1 4 1 1 4 4 1 1 2 4 4 3 1 4 1 3 1 1 1 4 4 1 1 4 1 0 0 0 0 1 0 0 0 1 0 0 0 0 1 1 1 0 0 1 1 0 0 1 0 0 1 0 0 0 0 0 0 0 0 1 0 1 2 0 0 1 0 0 0 0 0 0 0 0 1 0 0
165 13 1 2 2 2 2 . . 4 1 2 3 1 4 3 2 1 2 1 2 4 1 0 . 0 0 1 2 1 1 0 3 2 3 4 1 2 3 4 1 2 3 1 3 2 4 4 1 2 4 2 3 4 1 2 3 3 0 1 2 3 4 1 0 2 3 4 0 2 3 4 4 3 2 1 0 1 2 3 0 0 3 4 4 4 1 2 3 0 0 0 0 4 0 0 0 0 0 0 0 0 0 0 0 0 0 0 0 0 0
166 14 2 2 2 3 3 2 2 3 4 2 2 3 4 2 4 3 2 3 3 4 2 13 2 13 13 2 2 2 2 4 3 4 4 3 4 4 4 3 3 3 2 4 4 4 2 3 1 4 1 2 2 2 4 4 1 4 0 0 0 0 1 0 0 0 1 3 0 0 0 0 0 0 0 0 0 0 0 0 0 0 0 1 1 0 2 0 0 0 0 1 0 0 0 0 0 0 0 0 0 1 0 0 0 0 0 0 0 0 0
167 14 2 2 2 3 . 2 1 2 3 2 2 3 4 3 4 4 3 4 3 4 2 0 . 0 0 3 2 2 1 0 3 3 3 1 3 4 4 4 3 3 3 3 3 4 3 3 3 4 1 3 1 1 1 1 1 1 0 0 0 0 1 3 0 0 0 1 0 0 0 1 0 1 1 0 0 0 0 0 0 0 0 1 0 0 0 0 0 0 0 0 0 3 0 0 0 0 0 0 0 0 0 0 0 0 0 0 0 0 0
168 18 2 3 2 1 1 3 1 1 1 1 1 1 1 1 1 2 3 3 3 4 2 0 . 0 0 3 2 1 2 4 3 4 1 4 1 4 4 4 2 1 1 4 4 3 1 4 1 4 1 1 1 4 4 4 1 2 0 0 0 1 1 3 0 0 0 0 0 0 0 0 0 0 0 1 0 0 0 0 0 4 0 0 1 0 3 0 0 0 0 0 0 1 0 0 0 0 0 0 0 0 0 0 0 0 0 0 0 0 0
169 13 2 2 2 . 1 3 1 3 4 1 1 4 1 1 3 3 4 4 2 4 2 12 2 0 0 3 2 1 2 7 3 4 3 1 3 4 4 2 2 2 2 2 2 2 2 2 2 4 2 2 2 3 3 4 3 4 0 0 0 1 1 1 1 0 0 1 0 0 3 1 1 0 0 3 0 4 4 0 0 4 0 0 1 0 1 0 0 1 0 1 0 1 0 0 0 1 1 0 0 0 4 4 0 0 0 0 4 0 0
170 18 1 2 2 3 1 2 1 2 3 2 3 2 1 2 3 2 2 3 3 1 1 13 2 13 16 3 1 1 2 7 3 3 4 4 3 3 2 4 1 1 1 2 1 1 3 4 2 3 2 1 1 3 4 1 2 4 1 1 0 0 1 2 0 0 0 2 0 2 1 0 3 3 2 1 1 0 2 0 0 0 0 0 3 2 0 0 3 0 0 1 3 2 2 2 0 0 0 0 2 3 2 1 0 1 4 2 3 2 1
171 13 2 1 2 2 2 2 3 3 4 1 2 3 2 2 2 1 2 3 3 3 3 0 . 0 0 4 2 2 1 0 3 4 1 2 1 4 4 3 3 2 1 4 3 2 2 3 1 3 1 3 2 2 2 2 1 3 0 0 0 1 0 1 0 0 0 1 0 0 0 0 1 0 0 0 0 0 0 1 0 0 1 0 1 0 0 0 0 0 0 0 0 0 1 2 0 0 0 0 0 0 0 0 0 0 1 0 0 0 0
172 13 2 2 2 2 1 1 3 4 4 4 4 4 4 4 4 4 3 4 3 4 1 0 . 0 0 1 2 1 1 0 3 4 1 1 1 4 4 1 3 3 3 3 4 4 1 1 1 4 1 4 4 3 3 3 1 3 0 0 0 0 0 0 0 0 0 1 1 1 1 1 1 1 1 0 0 1 1 1 0 0 0 1 1 0 0 0 0 1 0 0 1 2 1 0 0 0 0 0 0 0 0 1 0 0 1 0 1 0 0
173 12 2 1 2 1 . 2 1 3 1 3 1 1 1 1 1 1 2 1 3 3 1 0 . 0 0 2 2 5 1 0 1 4 1 3 1 4 4 3 4 1 1 3 4 4 1 4 3 1 4 1 3 4 2 1 3 3 0 0 0 1 1 1 0 0 0 1 0 0 0 0 0 0 0 0 0 0 1 0 0 4 0 1 1 0 0 0 0 0 0 0 0 0 0 0 0 0 1 0 0 0 0 1 0 0 1 0 2 0 0
174 12 2 2 2 2 . . . 3 4 3 3 1 2 1 2 3 1 2 3 4 1 0 . 0 0 2 2 2 1 0 3 3 1 2 1 4 4 3 1 4 1 4 4 4 1 4 1 1 1 3 1 4 3 1 2 1 0 0 0 0 0 0 0 0 0 1 0 0 0 0 0 0 0 1 0 1 0 0 0 1 0 0 0 0 0 0 0 0 0 0 0 0 0 0 0 0 0 0 0 0 0 1 0 0 0 0 0 0 0
175 16 1 2 2 2 1 2 1 2 2 1 1 1 2 4 3 1 1 1 2 4 1 13 4 14 13 1 2 5 2 5 1 4 1 4 1 4 4 4 1 2 1 4 4 4 3 4 1 4 2 2 3 4 4 3 2 4 0 0 0 0 0 0 0 0 0 1 0 0 1 0 0 0 0 0 0 0 0 0 0 0 1 1 1 1 0 0 0 0 0 0 0 1 0 0 0 0 0 0 0 1 0 1 0 0 1 0 1 0 0
176 17 2 3 2 2 1 . . 2 2 2 2 2 2 2 2 2 2 2 2 3 2 12 4 13 12 4 1 4 2 0 1 3 2 3 2 3 3 3 2 3 2 3 3 3 3 2 3 3 3 2 3 2 4 3 2 3 1 1 1 1 1 1 1 1 1 1 1 1 1 1 1 1 1 1 1 1 1 1 1 1 1 1 1 1 1 1 1 1 1 1 1 1 1 1 1 1 1 1 1 1 1 1 1 1 1 1 1 1 1
177 12 2 2 2 1 2 2 1 3 4 1 3 1 2 3 3 1 3 3 3 4 1 12 8 0 0 1 2 3 1 0 1 3 1 1 1 4 3 3 4 3 2 3 4 3 3 3 1 4 1 3 2 2 1 3 4 3 1 0 0 0 1 1 0 1 0 1 3 1 1 1 1 0 1 1 1 1 1 1 1 1 1 1 1 0 0 0 0 1 1 0 1 1 1 1 1 0 1 1 1 0 0 1 1 1 1 0 1 1 0
178 18 2 2 1 3 3 2 3 2 4 4 4 4 4 4 4 4 3 2 3 4 2 15 1 15 15 1 1 3 2 4 1 4 1 3 1 4 4 3 3 3 4 4 3 1 1 3 1 3 1 1 1 1 3 3 1 4 0 0 4 1 2 3 0 0 0 0 1 1 0 0 1 0 0 2 0 3 0 0 1 4 0 1 3 0 0 0 0 0 0 0 1 3 0 1 0 0 1 4 3 3 0 0 0 1 3 2 4 3 0
179 14 2 2 2 . . 2 3 2 1 1 2 1 1 1 1 1 2 1 3 4 1 0 . 0 0 1 2 2 1 0 3 4 2 4 1 4 4 3 3 1 1 4 4 4 1 4 1 4 1 2 1 3 3 2 1 4 0 1 0 0 0 2 0 0 0 1 0 0 2 0 0 0 1 0 0 0 0 0 0 0 0 0 0 0 0 0 0 0 0 0 0 0 0 0 0 1 0 0 0 0 0 0 0 0 0 0 0 0 0
180 16 2 3 1 2 3 1 3 1 1 1 2 1 1 1 1 1 1 1 3 4 2 14 2 0 0 2 2 2 2 1 1 . . . . . . . . . . . . . . . . . . . . . . . . . 1 2 1 2 1 4 1 2 1 2 2 1 4 1 0 3 3 4 0 1 3 0 1 4 0 0 0 4 0 1 4 0 1 4 2 3 1 2 4 0 1 0 3 0 0 3 1 4 0 1 4 1 0
181 17 2 2 2 3 2 . . 4 3 2 2 2 3 2 3 1 3 3 2 4 3 13 1 14 13 2 2 2 2 1 1 2 2 3 2 1 1 3 3 1 1 1 4 1 2 2 2 2 1 3 1 2 2 1 3 4 1 0 0 1 0 1 0 0 0 1 1 0 0 2 1 2 1 1 0 1 1 0 3 1 0 0 1 1 1 0 0 0 0 0 0 1 1 0 0 0 0 0 0 0 0 1 0 2 0 0 1 0 0
182 16 2 1 2 3 . 3 1 1 1 1 1 1 1 1 1 1 1 2 3 3 2 14 2 13 14 2 2 4 2 2 1 2 1 4 2 2 2 4 1 1 1 3 2 1 1 4 3 2 1 1 1 4 4 1 3 4 0 0 0 2 0 0 0 0 0 1 0 0 0 0 0 0 0 2 0 0 0 0 0 0 1 0 0 0 0 0 0 0 0 0 0 0 0 0 0 0 0 2 0 0 0 0 0 1 0 0 1 0 0
183 15 1 2 2 2 1 2 2 4 4 4 4 4 4 4 4 4 4 3 3 3 1 0 . 0 0 1 2 1 2 3 1 4 1 4 1 4 4 2 1 3 2 3 3 3 3 3 1 3 2 3 2 3 2 3 2 3 1 0 0 0 0 0 1 1 0 1 0 0 3 1 1 1 1 1 0 0 0 0 0 1 0 1 1 0 0 0 1 0 1 0 0 0 1 1 1 0 2 0 0 0 0 0 0 1 1 0 2 0 0
184 14 1 1 2 1 3 2 2 2 1 1 1 1 1 1 1 1 2 1 2 3 1 0 . 0 0 2 2 2 1 0 3 4 2 4 1 4 4 4 1 1 1 3 4 2 1 4 1 4 1 1 1 4 4 4 1 4 0 0 0 0 0 0 0 0 0 0 0 0 0 0 0 0 0 0 0 0 0 0 0 0 0 0 0 0 0 0 0 0 0 0 0 0 0 0 0 0 0 4 0 0 0 0 0 0 0 0 0 0 0
185 17 1 1 2 2 1 2 3 3 4 4 4 3 4 4 4 4 4 3 3 4 1 8 8 16 0 2 2 3 2 4 1 4 2 4 2 1 3 4 1 1 1 4 4 4 1 4 1 3 1 2 1 2 2 1 1 4 0 0 0 0 1 1 0 0 0 1 1 0 0 1 0 0 0 1 0 1 1 0 0 0 1 0 1 0 0 0 0 0 1 1 0 1 0 0 1 0 0 1 0 0 0 0 0 1 0 0 0 1 0
186 16 1 1 2 2 . 2 1 2 2 1 1 2 3 2 4 1 2 2 3 3 2 13 4 13 13 1 2 3 2 1 1 3 1 4 2 3 2 3 2 2 2 2 3 2 2 3 1 3 2 2 1 4 4 3 2 4 1 0 0 0 1 2 0 0 0 2 0 0 0 1 0 1 1 1 0 0 0 0 0 0 0 0 0 0 0 0 0 0 0 0 0 1 0 0 0 0 0 0 0 0 0 1 0 0 0 0 2 0 0
187 18 1 2 2 3 2 1 3 4 2 4 4 3 3 3 4 2 4 4 2 3 2 10 8 0 10 1 2 3 2 11 3 4 1 3 1 3 3 3 1 3 1 4 4 2 2 3 1 4 1 2 2 3 3 3 1 3 2 0 0 0 0 1 0 0 0 1 0 0 0 0 0 0 1 1 0 0 1 1 0 1 0 1 0 0 0 0 0 0 0 1 0 1 0 0 0 0 0 0 0 1 0 1 1 0 0 0 2 1 0
188 16 1 2 2 2 . 3 2 1 4 4 2 4 4 3 3 3 4 1 3 4 1 10 8 15 13 3 2 2 2 7 3 3 2 3 1 1 4 1 1 1 1 4 4 2 3 4 3 4 2 2 2 3 2 2 1 4 1 1 0 0 0 1 1 1 0 0 0 0 0 0 0 0 0 0 0 1 1 1 0 0 0 0 0 0 0 0 0 0 1 1 1 1 0 0 0 0 1 3 0 1 0 0 1 1 1 1 0 0 0
189 12 2 2 2 2 3 2 3 2 3 2 3 4 3 3 4 2 3 2 2 4 1 6 8 0 0 1 2 1 1 0 3 3 1 3 1 4 4 2 3 3 2 4 4 1 2 2 1 4 1 2 2 3 2 2 1 2 0 0 0 0 0 0 0 0 0 1 0 0 0 0 0 1 0 0 0 3 3 3 0 1 0 0 0 1 3 0 1 0 0 1 0 0 0 0 0 0 0 0 0 0 0 0 3 0 0 0 0 0 0
190 15 1 1 2 2 . 2 1 2 2 1 1 1 1 1 2 1 1 2 3 4 3 14 8 0 0 1 2 3 1 0 1 4 1 4 1 4 4 3 1 4 4 1 4 1 1 3 1 4 1 1 3 1 3 1 3 3 0 0 0 0 0 0 0 0 0 0 0 0 1 0 0 0 0 0 0 0 0 0 0 0 0 0 0 0 0 0 0 0 0 0 0 0 0 0 0 0 0 0 0 0 0 0 0 0 0 0 0 0 0
191 17 2 2 2 3 1 3 1 4 4 1 2 2 3 2 4 2 2 2 3 2 1 14 2 16 16 2 1 2 2 1 3 4 3 3 1 2 2 3 1 3 1 4 3 1 3 4 3 3 1 1 1 4 2 4 2 4 1 0 1 1 1 3 1 0 0 3 1 1 3 3 1 3 3 3 4 3 3 0 0 3 3 3 3 3 0 0 3 3 0 3 1 1 0 3 0 1 1 1 1 4 0 3 3 3 3 1 1 3 1
192 13 1 1 2 1 3 2 2 2 1 2 1 4 1 2 2 1 1 2 3 3 3 12 8 13 13 2 2 2 1 0 3 4 1 3 1 4 3 4 1 1 1 4 4 2 1 3 1 4 1 4 1 3 4 3 1 3 0 0 1 0 0 0 0 0 0 1 0 0 0 0 0 1 0 1 0 0 1 0 0 1 0 0 0 0 0 0 1 0 0 1 1 0 0 0 1 0 0 0 0 0 1 0 0 0 0 0 1 0 0
193 12 2 2 2 . . 2 3 1 3 3 1 4 4 3 4 3 2 3 2 3 2 12 1 12 12 4 2 4 1 0 1 4 1 1 3 4 4 1 4 1 4 1 1 1 1 1 4 4 1 4 4 1 4 1 1 1 0 1 0 1 1 1 0 0 0 1 1 0 1 3 1 3 1 3 0 3 4 0 4 1 1 1 1 1 1 1 0 4 1 1 1 1 1 1 1 1 1 1 1 0 1 4 3 4 1 0 1 4 1
194 14 1 2 2 . 1 1 3 3 3 1 2 1 2 1 4 1 2 3 3 4 1 7 8 12 0 3 2 1 1 0 3 4 1 3 1 4 4 3 1 1 1 4 4 1 1 2 1 4 1 1 1 3 3 2 1 3 0 0 0 0 0 1 0 0 0 0 0 0 0 0 0 0 0 0 0 0 0 0 0 0 0 0 0 0 0 0 0 0 0 0 0 0 0 0 0 0 0 0 0 0 0 0 1 0 0 0 0 0 0
195 16 1 3 2 . . 2 1 3 3 1 3 1 1 1 3 2 2 3 2 4 1 0 . 15 0 2 2 2 2 6 3 4 1 3 1 4 4 4 1 1 1 4 4 3 1 3 1 4 1 1 1 4 3 1 4 4 1 0 0 0 1 3 0 0 0 1 1 0 0 0 0 0 0 1 0 0 1 0 1 2 0 0 0 0 0 0 0 0 0 0 0 1 1 0 0 0 0 0 2 0 0 0 0 0 1 1 1 0 0
196 14 2 1 2 3 1 2 . 2 2 1 1 1 1 1 1 1 2 2 2 4 1 8 3 13 10 2 2 3 2 6 3 4 3 3 1 4 4 4 3 1 1 4 4 3 3 4 3 3 1 3 1 3 3 3 4 4 3 0 0 1 0 4 0 0 0 3 2 0 4 2 0 2 2 0 0 3 1 0 0 1 0 0 1 0 0 0 0 0 0 1 1 1 0 0 0 2 1 0 0 0 0 0 0 0 0 0 2 0 0
197 16 1 2 1 2 3 2 2 3 4 4 2 4 4 4 4 2 4 3 3 4 1 0 . 0 0 3 2 2 1 0 1 4 1 4 1 4 4 2 1 3 1 4 4 4 1 4 1 4 1 3 1 3 1 4 1 4 0 0 0 0 0 0 0 0 0 0 0 0 0 0 0 0 0 0 0 0 0 0 0 0 0 0 0 0 0 0 0 0 0 0 0 0 0 0 0 0 0 0 0 0 0 0 0 0 0 0 0 0 0
198 16 1 2 2 1 1 . . 4 4 4 4 4 4 3 4 4 4 4 3 4 2 0 . 0 0 2 2 2 2 0 1 3 4 4 1 4 4 4 1 1 1 4 4 4 1 4 1 4 1 4 1 4 1 4 4 4 0 0 0 0 0 0 0 0 0 0 0 0 0 0 0 0 0 0 0 0 0 0 0 0 0 1 0 0 0 0 3 0 0 0 1 0 0 0 0 0 0 0 0 0 0 0 0 0 0 0 0 0 0
199 17 1 2 1 1 3 3 2 4 4 2 3 3 4 3 4 2 4 4 2 2 2 15 1 15 17 1 2 3 2 1 1 2 4 4 3 2 2 4 1 2 4 2 3 3 3 2 3 2 3 2 3 4 4 2 3 4 1 0 0 2 1 0 0 0 0 2 0 0 1 0 2 0 1 3 0 0 0 2 0 1 0 0 1 0 0 0 0 0 1 0 1 3 0 0 0 2 1 1 0 2 0 3 0 2 0 0 3 0 0
200 18 1 2 2 1 2 . . 1 1 1 1 2 2 2 1 1 1 1 3 2 2 0 . 17 0 2 2 4 2 3 1 4 1 4 1 4 4 3 1 1 1 3 4 1 3 4 1 4 1 1 1 3 4 3 2 4 0 0 0 0 0 0 0 0 0 0 0 0 0 0 0 0 0 0 0 0 0 0 0 0 1 0 0 0 0 0 0 0 0 0 0 0 0 0 0 1 0 0 0 0 0 0 0 0 0 0 0 0 0
201 12 1 2 2 2 1 2 1 2 3 4 3 4 4 3 4 4 4 3 3 3 1 12 1 0 0 1 2 1 1 0 1 4 3 3 3 3 4 2 2 1 1 4 4 2 3 3 1 4 2 3 3 3 3 3 3 3 1 0 0 1 0 0 1 0 0 1 0 0 0 1 1 1 1 0 0 3 1 0 0 0 0 0 0 0 0 0 0 0 0 0 1 0 0 0 0 0 0 1 0 0 0 0 1 1 0 0 0 0 0
202 12 2 1 2 2 . 3 1 3 4 2 3 4 4 4 4 4 4 4 2 3 1 0 . 0 0 1 2 2 1 0 1 4 2 1 3 4 3 4 1 1 1 4 4 4 1 2 1 4 3 4 4 4 4 4 4 4 4 1 1 3 1 2 3 3 3 2 1 4 2 3 3 2 1 1 3 0 0 1 1 1 1 1 2 0 4 1 0 1 0 1 3 3 2 4 1 2 1 0 0 1 1 3 3 1 3 1 1 1 1
203 12 1 2 2 3 2 2 2 2 1 1 1 1 1 1 1 1 1 1 3 4 1 0 . 0 0 1 2 3 1 0 3 4 1 4 1 4 4 3 1 1 1 4 4 3 1 3 1 4 1 4 3 4 4 4 1 4 0 0 0 0 0 0 0 0 0 0 0 0 0 0 0 0 0 0 0 0 0 0 0 0 0 0 0 0 0 0 0 0 0 0 0 0 0 0 0 0 0 0 0 0 0 0 0 0 0 0 0 0 0
204 12 1 3 1 3 1 2 . 1 4 1 3 1 1 1 3 3 3 3 3 4 1 11 2 12 0 1 2 2 1 0 1 4 1 4 1 4 4 4 1 3 1 4 4 3 1 4 1 4 1 1 1 4 4 3 1 4 1 0 0 1 1 1 1 1 0 1 0 0 1 0 1 2 1 1 0 1 1 1 1 1 0 1 1 0 1 2 1 0 2 1 0 1 0 1 0 0 0 0 1 0 1 1 0 1 3 0 1 0 0
205 17 2 2 2 3 2 3 1 3 4 4 3 3 4 2 4 4 4 3 3 4 1 14 2 14 14 3 2 2 2 2 3 4 1 3 2 2 2 1 2 1 2 2 2 4 1 2 1 2 1 2 2 4 4 4 3 4 0 0 0 0 0 0 0 0 0 0 0 0 1 0 1 0 0 1 0 0 1 0 0 0 0 1 0 0 0 0 0 0 0 0 0 0 0 0 0 0 0 1 0 0 0 0 0 0 0 0 0 0 0
206 14 1 2 2 2 . 3 1 3 4 3 4 2 3 3 4 3 3 3 3 1 2 0 . 0 13 1 2 3 2 5 1 3 1 3 2 4 4 3 1 2 2 4 3 3 2 3 1 3 1 2 2 3 3 3 2 2 0 0 0 0 1 1 1 0 0 0 0 0 1 0 0 0 0 0 0 0 0 0 1 0 0 0 1 0 0 0 0 0 1 2 4 1 0 0 0 1 2 0 0 0 0 0 0 1 0 0 2 0 0
207 13 2 2 2 2 1 . . 2 4 2 4 4 2 4 4 2 2 1 2 2 3 12 8 0 0 4 2 1 1 0 3 2 4 3 2 3 2 1 2 4 4 3 2 4 1 1 4 1 1 1 1 1 1 1 1 4 1 0 0 0 1 3 0 1 0 0 1 3 3 3 0 3 1 0 1 0 3 0 1 3 1 3 1 3 3 0 1 1 1 1 1 3 0 0 1 1 3 0 3 3 3 1 1 3 0 3 3 3 0
208 14 1 2 2 2 . 2 1 3 2 1 2 1 1 2 3 4 1 3 3 4 1 0 . 0 0 1 2 1 1 0 3 3 2 4 2 4 4 4 1 2 4 4 3 3 2 4 2 3 2 3 3 4 3 4 2 4 1 0 0 0 0 1 0 0 0 1 0 0 1 1 2 0 0 0 0 1 0 0 0 1 0 4 1 0 0 0 0 0 0 0 0 0 0 0 0 0 0 1 0 1 0 1 0 3 1 0 0 0 0
209 15 2 2 2 1 3 2 3 1 1 1 1 1 1 2 1 1 2 1 3 4 2 14 8 15 0 2 2 3 1 0 3 2 3 2 1 1 3 2 3 3 3 1 2 2 4 2 1 2 2 2 3 1 1 4 1 2 0 0 0 1 1 3 1 0 0 2 1 0 0 1 3 3 1 0 0 0 1 1 2 1 0 2 3 0 0 0 1 0 0 0 0 1 0 3 0 0 0 1 1 0 0 2 0 0 0 0 3 1 1
210 14 1 2 2 2 1 2 3 2 1 3 2 1 1 2 1 2 2 3 3 4 1 12 8 5 0 2 2 2 1 0 3 4 1 3 2 4 4 3 1 3 1 4 4 4 1 3 1 4 1 4 1 3 3 3 1 4 0 0 0 0 1 2 0 0 0 3 0 0 0 0 0 0 0 1 0 0 1 1 0 1 0 0 1 1 0 0 0 0 1 1 0 0 0 0 0 0 0 1 0 1 0 1 0 1 1 0 0 0 0
211 14 1 2 2 3 3 2 3 4 4 3 4 3 3 4 4 4 4 3 3 4 2 0 . 0 0 1 2 3 1 0 1 4 1 3 2 1 2 2 1 2 2 4 4 4 1 3 1 3 1 4 1 2 2 3 1 3 4 4 0 4 4 4 4 0 4 1 0 4 4 4 4 1 1 0 4 4 0 4 4 4 4 4 4 0 4 4 4 4 0 1 4 4 4 4 0 4 4 4 4 0 0 4 4 4 4 4 4 4 4
212 15 1 2 2 . 1 2 2 4 4 2 4 2 2 2 4 3 4 4 3 3 1 0 . 5 0 2 2 1 2 0 1 4 4 4 1 3 3 4 3 4 1 4 3 2 2 4 2 4 2 4 3 2 4 3 3 4 0 0 0 0 0 0 0 0 0 1 0 0 0 0 0 0 0 1 0 0 0 0 0 0 0 0 0 0 0 0 0 0 1 2 1 1 0 0 0 0 0 0 0 1 0 0 0 0 0 0 1 1 1
213 13 1 2 2 2 . 2 3 2 1 1 3 1 4 2 4 1 4 4 3 4 2 11 8 5 0 1 2 3 2 3 1 3 1 3 1 3 4 4 1 2 4 4 3 4 2 4 1 3 1 1 1 2 2 4 1 3 0 1 0 0 3 4 4 0 0 4 0 0 4 0 0 0 0 0 0 0 1 0 3 2 4 0 1 0 4 4 0 0 3 1 0 0 4 1 1 2 4 2 0 0 0 4 0 0 3 0 1 2 0
214 14 2 2 2 3 . 2 1 4 4 2 4 2 2 2 4 2 1 3 3 2 3 13 8 14 0 1 2 2 2 6 3 3 4 3 1 4 3 4 3 2 3 4 4 2 1 4 1 4 2 1 1 2 1 2 4 3 3 0 0 3 3 3 1 1 1 1 0 1 2 1 0 1 1 1 1 1 2 0 0 1 3 1 3 0 0 1 1 0 1 1 0 3 1 1 3 4 0 1 1 0 0 3 0 0 1 2 1 3 1
215 14 2 1 2 1 3 2 2 3 4 4 2 3 2 2 4 3 3 4 3 3 3 13 8 0 14 1 2 1 2 1 3 4 2 3 1 3 4 3 4 3 1 2 4 4 2 2 1 3 1 2 2 2 3 4 1 3 0 0 0 0 0 1 0 0 0 1 0 0 1 0 1 0 0 0 0 0 0 0 0 0 1 0 1 0 0 0 1 0 0 0 0 0 0 0 0 1 1 0 0 0 0 0 0 1 0 0 1 0 0
216 13 1 2 2 2 1 1 3 1 1 1 2 1 2 2 1 1 1 2 3 3 3 7 8 13 0 1 2 3 2 0 1 4 1 4 1 4 4 4 3 1 1 4 4 4 3 4 1 4 1 4 1 3 2 4 1 4 0 1 0 0 0 2 2 0 0 0 0 0 0 1 0 1 1 0 0 1 1 0 0 1 1 1 1 0 0 0 0 0 0 1 1 1 0 1 0 1 1 0 0 0 0 0 0 1 1 0 1 1 0
217 16 1 1 2 2 . 2 2 1 2 1 1 1 3 1 2 3 1 2 3 4 1 11 2 14 14 1 2 1 2 0 1 3 2 4 1 4 1 4 1 4 4 2 3 3 4 2 2 3 4 3 4 3 3 4 1 4 1 0 0 0 1 1 0 0 0 3 4 0 0 0 0 0 0 4 1 0 0 0 3 1 4 4 3 0 1 0 0 0 0 3 3 4 1 0 0 0 1 0 0 0 0 1 0 1 1 1 1 1 0
218 13 2 2 2 1 3 2 3 4 4 1 4 4 4 2 4 4 2 4 3 4 2 0 . 12 0 1 2 4 2 5 3 1 1 3 3 3 4 3 1 1 3 3 3 1 1 3 1 3 1 1 1 1 1 1 4 3 0 0 0 0 0 1 0 0 0 0 0 0 2 0 0 1 0 2 0 1 0 0 0 0 0 0 1 0 0 0 0 0 0 0 0 1 1 0 0 1 0 0 0 0 0 2 0 1 0 0 1 0 0
219 14 1 2 2 2 2 3 1 3 4 2 4 1 1 1 4 2 2 3 3 4 2 0 . 12 0 2 2 4 2 3 1 3 2 3 3 1 2 4 3 3 4 1 4 2 1 2 1 4 1 4 1 3 4 4 4 4 0 0 0 0 0 1 0 0 0 1 0 0 0 0 0 0 0 0 0 0 0 0 0 1 0 1 0 0 0 0 0 0 0 0 0 0 0 0 0 0 0 1 0 0 0 1 0 1 0 0 4 0 0
220 14 1 2 2 . . 3 2 2 2 1 2 3 1 2 1 3 2 3 2 4 3 9 2 11 10 3 2 2 2 2 1 1 2 2 2 2 4 1 3 3 2 2 4 3 4 3 2 3 4 1 2 3 4 3 2 2 1 0 0 1 1 2 0 2 1 2 0 1 3 3 1 3 3 1 1 0 4 4 1 4 4 2 4 4 0 2 3 1 2 3 2 3 1 2 2 3 3 4 4 3 3 3 4 4 4 2 4 4 1
221 17 1 3 2 2 . . . 4 1 1 3 1 3 1 3 1 3 3 3 4 1 15 2 14 0 1 2 1 2 2 1 4 2 1 2 4 4 4 4 1 1 4 4 4 1 4 1 4 4 4 4 4 4 1 1 4 1 0 1 3 1 1 0 1 0 1 1 3 1 1 1 1 1 1 0 3 1 1 0 3 0 4 3 0 0 3 1 4 3 1 3 1 1 3 1 1 3 1 2 1 1 1 3 3 4 1 1 3 1
222 12 1 2 2 1 . 2 3 1 1 1 1 1 1 1 1 1 1 1 3 4 2 0 . 0 0 1 2 3 2 6 3 4 1 4 1 4 4 2 1 1 1 4 4 4 1 3 1 4 1 4 1 3 3 4 1 3 0 0 0 0 0 1 0 0 0 0 0 0 0 0 0 0 0 1 0 0 0 0 1 0 0 0 0 0 1 0 0 0 0 0 0 0 0 0 0 0 0 0 0 0 0 1 0 0 1 0 0 0 0
223 17 2 2 2 2 2 3 1 1 4 1 1 1 1 1 1 1 1 3 2 2 2 11 3 14 16 3 2 1 2 3 3 4 4 3 1 4 4 4 4 1 4 4 4 4 3 3 1 4 1 1 1 3 4 4 3 1 1 0 0 2 1 3 0 0 0 1 2 1 3 0 1 2 3 3 2 2 1 2 1 1 3 1 1 0 1 1 0 1 0 0 4 3 1 1 0 0 1 1 1 2 1 3 1 1 2 1 1 3 1
224 12 2 3 2 1 2 2 1 2 4 1 4 3 4 1 2 2 4 4 3 4 1 12 8 0 0 3 2 3 1 0 3 3 2 3 1 1 3 2 2 2 2 3 2 3 3 2 2 2 2 2 2 3 3 3 3 3 4 2 1 0 1 3 1 1 1 3 4 1 0 2 2 2 2 2 2 3 1 2 3 3 3 1 3 4 3 0 0 1 2 1 2 3 3 2 1 0 1 1 1 3 1 1 3 2 3 2 3 1 2
225 16 1 1 2 3 2 3 1 1 3 1 2 3 4 4 4 4 4 1 3 4 1 14 3 15 0 1 2 4 2 7 3 4 1 4 1 4 4 4 1 1 1 4 4 4 1 4 1 4 1 1 1 4 4 1 4 4 1 0 0 0 1 1 0 0 0 0 0 0 0 0 0 0 0 0 0 0 0 0 0 0 0 1 1 0 0 0 0 0 0 0 0 0 0 0 0 0 0 0 0 0 0 0 0 0 0 0 0 0 0
226 14 1 2 2 2 3 . . 2 4 1 3 4 4 4 4 4 4 4 3 3 2 0 . 0 0 1 2 5 2 1 1 2 1 1 3 2 4 3 4 4 4 4 4 4 3 3 1 2 1 4 1 3 3 4 1 3 1 1 0 4 4 4 0 0 0 3 0 0 4 0 4 1 2 2 1 2 0 1 0 4 1 1 4 0 0 0 1 1 1 0 0 2 2 4 4 4 3 2 1 0 1 4 0 1 2 1 3 1 0
227 16 1 2 2 3 3 . . 1 1 1 2 1 1 1 1 1 2 1 3 3 2 16 1 14 12 1 1 3 2 12 3 4 1 4 1 4 4 4 1 1 1 3 3 4 1 4 1 3 1 2 2 4 4 1 2 4 0 0 0 0 0 0 0 0 0 0 0 0 0 0 0 0 0 0 0 0 0 0 0 1 0 0 0 0 0 0 0 0 0 0 0 0 0 0 0 0 0 0 0 0 0 1 0 0 0 0 0 0 0
228 17 2 1 2 2 1 1 2 3 4 1 1 2 3 1 4 1 1 2 2 4 1 0 . 0 0 1 1 5 2 0 1 4 3 4 1 4 4 4 1 1 1 4 4 1 1 4 1 4 4 1 1 3 3 3 2 3 3 1 0 1 0 3 4 0 0 2 4 0 4 0 1 0 0 1 1 3 3 0 4 4 2 0 4 4 1 0 4 2 3 0 1 1 4 3 0 0 0 0 0 0 0 4 0 4 2 1 4 0 0
229 18 2 1 2 2 1 1 3 3 3 3 3 2 3 2 3 3 2 3 2 4 2 0 . 0 0 2 2 2 2 5 3 3 3 3 1 3 3 3 2 2 3 2 2 2 2 2 1 3 3 3 2 2 2 2 2 3 0 0 0 0 3 0 0 0 0 0 1 0 0 0 0 0 1 1 0 1 0 0 0 0 1 0 2 0 0 0 0 3 0 1 1 1 1 1 0 0 0 0 1 0 0 1 1 1 0 0 1 0 1
230 13 1 2 2 . . . . 1 1 1 1 1 1 1 1 1 1 1 2 1 2 9 1 0 0 3 2 5 1 0 1 3 3 2 3 2 2 2 3 4 2 2 2 2 1 2 2 2 3 2 3 1 1 4 3 1 0 0 0 3 3 2 0 0 0 3 0 2 1 0 1 0 0 0 0 2 2 2 0 1 2 0 0 0 0 0 0 2 0 0 0 2 0 0 0 0 0 0 0 0 0 2 2 0 1 0 0 0 0
231 17 1 3 2 2 2 . . 4 4 2 3 3 3 3 4 2 3 3 3 4 3 5 8 0 4 2 2 3 2 1 1 4 1 4 1 4 4 4 2 1 1 4 4 4 1 4 1 4 1 1 1 4 4 2 1 3 0 3 0 1 1 1 0 0 0 1 0 0 1 1 0 1 1 1 0 1 1 0 0 3 0 1 0 1 0 0 0 0 0 0 0 0 0 1 0 1 1 0 1 0 0 0 0 4 1 0 1 1 1
232 13 2 2 2 3 2 3 1 4 4 4 2 3 4 4 4 4 3 2 1 4 2 0 . 13 0 2 1 1 2 5 3 4 1 3 1 4 4 3 1 1 3 4 4 3 1 4 1 4 1 1 1 3 3 3 1 2 0 0 0 0 0 1 0 0 0 0 1 0 0 0 0 1 0 0 0 1 0 0 0 0 0 0 1 0 0 0 0 0 0 0 0 0 1 0 0 0 0 0 0 0 0 0 0 1 0 0 0 0 0
233 14 1 2 2 . . 1 1 2 4 3 3 4 4 3 4 4 4 4 1 4 1 0 . 7 0 1 2 1 1 0 3 4 2 3 1 4 4 3 3 2 1 4 3 2 3 3 1 4 1 2 1 4 3 3 1 4 0 0 0 0 0 0 0 0 0 1 0 1 4 3 1 1 1 0 0 0 1 0 0 0 1 1 4 0 0 0 0 0 0 0 0 0 0 0 1 3 1 1 0 1 0 0 0 0 1 0 0 1 0
234 16 1 2 2 2 2 3 2 3 2 1 3 1 2 2 3 2 2 3 2 3 1 0 . 0 0 1 2 2 2 15 3 4 1 4 1 4 4 4 2 3 1 3 4 1 1 4 1 4 1 4 1 3 3 3 1 4 0 0 0 0 1 0 0 0 0 1 0 0 1 0 0 0 0 0 0 0 0 0 0 0 0 1 0 0 0 0 0 0 0 0 0 0 0 1 0 0 0 0 0 0 0 0 0 0 0 0 0 0 0
235 14 1 2 2 2 1 2 2 4 4 3 3 4 4 4 4 4 4 4 3 4 1 0 . 0 0 2 2 3 1 0 1 4 1 4 2 4 4 4 1 1 1 4 4 1 1 4 1 4 1 1 1 3 4 1 1 4 1 1 0 1 0 2 2 0 0 2 0 1 0 2 0 2 2 0 2 1 2 0 1 2 3 4 0 0 0 1 1 0 1 1 0 3 1 1 1 0 0 1 1 2 1 4 1 2 2 1 0 1 0
236 18 2 3 2 3 3 2 3 2 2 1 2 1 1 2 2 2 1 3 3 4 1 11 8 11 16 1 2 1 2 0 1 3 3 4 1 3 3 3 1 1 2 2 3 1 1 3 1 3 1 1 1 3 3 1 1 4 0 1 0 0 1 2 0 0 0 0 1 0 0 2 1 2 2 2 0 0 0 0 2 1 1 1 0 0 1 1 1 1 2 1 0 1 2 1 1 0 0 0 0 0 0 0 0 0 0 0 1 1 1
237 13 2 2 2 2 2 1 2 2 1 1 2 1 4 1 1 1 2 1 3 4 2 0 . 13 0 1 2 2 1 0 3 3 1 3 1 4 4 3 1 2 1 4 4 2 1 3 1 4 2 1 4 3 3 4 1 4 0 0 0 0 4 0 0 0 0 0 1 0 0 0 0 1 0 1 0 3 0 0 0 0 0 0 1 3 0 0 0 0 0 0 0 1 0 0 0 0 0 0 0 0 0 1 0 0 0 0 0 0 0
238 15 1 2 2 2 1 2 1 3 2 1 3 1 1 1 2 1 4 2 2 4 1 0 . 0 0 2 2 3 1 0 1 4 1 3 1 4 4 3 1 2 1 4 4 4 1 2 1 4 1 3 1 3 3 1 1 4 0 0 0 0 0 0 0 0 0 0 0 0 0 0 0 0 0 0 0 0 0 0 0 0 0 0 0 0 0 0 0 0 0 0 0 0 0 0 0 0 1 0 0 0 0 0 0 0 0 0 0 0 0
239 13 1 2 2 2 3 2 1 2 3 2 2 1 1 1 1 1 3 4 3 3 2 0 . 0 0 1 2 1 1 0 1 4 4 3 1 1 4 2 1 4 1 4 4 4 1 1 1 4 4 4 4 2 4 4 1 4 0 0 0 4 0 4 0 0 0 0 0 0 4 0 0 0 0 0 0 0 0 0 0 0 0 0 0 0 0 0 0 0 0 0 0 0 0 0 0 0 0 0 0 0 0 4 0 0 0 0 0 0 0
240 15 2 2 2 3 2 2 3 2 4 1 2 4 4 3 4 2 2 3 3 3 3 0 . 13 0 3 2 1 2 1 1 1 4 3 3 2 2 3 1 3 3 1 1 1 3 3 3 1 3 1 1 3 3 1 3 3 1 0 0 2 1 3 0 0 0 1 2 1 3 0 1 2 3 3 2 2 1 2 1 1 3 1 1 0 1 1 0 1 0 0 4 3 1 1 0 0 1 1 1 2 1 3 1 1 2 1 1 3 1
241 15 1 1 2 3 2 2 1 4 4 2 4 2 4 3 4 4 2 4 3 4 2 0 . 7 12 1 2 2 2 4 1 4 1 4 1 4 4 4 1 1 1 4 4 3 1 4 1 4 1 1 1 3 4 1 3 4 1 0 0 0 0 1 0 0 0 1 1 0 0 0 0 0 0 0 0 0 1 0 0 0 0 0 0 0 0 0 0 0 0 0 0 0 0 0 0 1 1 0 0 0 0 1 0 0 0 0 0 0 0
242 18 1 1 2 2 . 2 1 1 3 1 4 2 4 4 4 4 4 4 3 4 1 12 3 16 16 1 1 4 2 7 3 1 4 3 1 4 4 4 1 2 2 4 4 4 2 4 2 2 1 1 1 3 4 1 3 4 0 0 0 0 0 0 0 0 0 3 0 0 0 0 0 0 0 0 0 0 0 0 0 0 0 0 0 0 0 0 0 0 0 0 0 0 0 0 0 0 0 0 0 3 2 0 0 0 0 0 3 0 0
243 15 1 2 2 3 . 1 2 3 4 2 1 4 4 4 4 4 4 2 3 1 2 0 . 0 0 3 2 3 1 0 1 4 1 4 1 4 4 3 1 1 1 4 4 4 1 3 1 4 1 1 1 3 1 3 1 3 0 1 2 0 1 3 0 0 0 1 0 0 4 1 0 0 0 1 0 1 1 2 3 4 1 2 0 0 1 0 1 0 0 1 0 1 3 4 0 0 1 1 0 0 1 2 0 1 4 0 1 1 0
244 18 1 1 2 3 2 2 1 4 4 2 4 2 2 3 4 4 4 3 2 2 2 0 . 0 17 2 1 2 2 6 3 3 2 4 4 4 3 4 1 1 1 2 2 1 1 4 1 4 1 1 1 4 4 1 1 4 0 0 0 0 1 3 0 0 0 0 0 0 0 0 0 0 0 1 0 0 1 0 0 0 0 0 0 0 0 0 0 0 0 0 0 1 1 0 0 4 0 4 0 0 0 3 0 1 0 0 1 0 0
245 15 1 1 2 2 1 . . 2 4 1 2 2 3 4 4 4 4 3 3 4 2 12 8 0 12 2 2 4 2 10 3 3 2 3 1 2 4 4 1 1 1 2 4 1 2 3 1 3 1 1 1 1 1 1 2 4 0 0 1 0 1 1 0 1 0 1 1 0 0 0 1 0 0 1 1 0 0 1 0 3 0 1 1 0 0 0 0 0 0 0 1 0 0 1 0 1 1 0 0 0 0 1 0 1 0 0 1 0 0
246 17 2 2 2 3 1 3 2 4 4 2 4 3 3 4 4 4 4 4 3 4 1 12 2 13 14 2 1 5 2 4 3 3 2 2 1 4 4 4 4 3 2 4 4 4 3 2 1 4 1 1 1 3 3 4 1 4 1 1 0 0 4 2 1 0 0 3 2 3 4 3 2 3 3 3 1 3 4 3 3 3 4 3 4 0 0 3 0 0 3 0 3 3 3 2 3 3 4 1 0 0 1 0 4 2 3 3 1 1 0
247 17 1 3 2 2 . 3 3 3 4 1 2 1 3 1 4 2 3 2 2 3 2 0 . 0 0 2 2 5 2 1 1 3 2 4 4 3 4 4 2 3 1 4 4 4 3 4 1 3 3 2 1 3 4 1 4 4 0 0 0 1 1 2 4 1 0 4 0 0 2 0 0 1 1 1 1 1 0 0 1 3 0 1 1 0 1 0 3 0 1 1 2 3 0 4 1 1 1 0 1 0 0 2 0 2 0 1 4 2 2
248 14 1 2 2 3 1 3 1 4 1 1 1 1 1 4 1 1 1 1 3 4 1 0 . 0 0 1 2 3 1 0 1 4 1 4 1 1 4 3 1 1 4 3 4 1 1 3 1 4 1 1 1 4 4 4 2 4 0 0 0 0 0 0 4 4 0 0 0 0 0 0 0 0 0 0 0 4 0 0 0 0 4 0 4 0 0 0 0 0 0 0 4 0 3 4 4 4 0 0 0 4 0 4 4 4 4 0 4 4 4
249 17 1 1 2 2 . 2 2 4 4 1 4 4 4 4 4 2 3 4 2 4 1 13 8 13 13 2 2 3 2 8 3 4 1 1 1 4 4 4 1 1 1 4 4 1 1 4 1 4 1 1 1 4 4 2 1 4 0 0 0 0 0 0 0 0 0 0 0 0 0 0 0 0 0 0 0 0 0 0 0 0 0 0 0 0 0 0 0 0 0 0 0 0 0 0 0 0 0 0 0 0 0 3 0 0 0 0 0 0 0
250 11 1 1 2 3 1 2 3 2 2 4 1 3 2 3 2 2 3 2 3 3 1 0 . 6 0 1 2 1 2 10 3 4 3 2 1 4 4 4 3 4 1 4 4 4 3 3 3 4 1 3 1 1 2 3 1 2 0 1 1 3 0 4 0 3 4 1 0 1 4 4 3 1 4 1 3 3 4 3 3 3 1 0 3 0 1 3 1 3 4 4 3 4 3 1 3 2 3 2 4 2 1 3 2 0 1 2 4 3 2
251 12 1 1 2 2 3 2 2 3 1 1 2 2 1 3 4 1 3 3 3 4 3 0 . 0 0 1 2 1 1 0 3 4 1 4 1 4 4 4 1 1 1 4 3 1 1 4 1 4 1 1 1 4 1 1 1 4 0 0 0 0 0 0 0 0 0 1 0 0 0 0 0 0 0 0 0 0 1 2 0 0 0 0 0 1 0 0 0 0 1 0 0 0 1 0 0 0 0 1 0 1 0 0 1 0 0 0 0 0 0
252 13 1 2 2 3 3 2 3 1 1 1 1 1 1 1 2 1 2 2 3 4 2 13 1 0 0 1 2 2 1 0 1 4 2 3 1 4 4 4 1 2 3 1 4 3 1 3 1 1 1 3 1 3 3 3 1 4 0 0 0 1 4 0 0 0 0 2 0 0 0 1 0 0 2 3 0 3 2 0 0 1 2 0 1 0 0 0 0 2 0 0 0 0 0 0 0 0 0 4 1 2 0 3 0 2 0 0 4 0 0
